0	0	0	0	0	0	0	0	0	0	
-0.9806011654840381	-0.19601365832856182	0.04696386432457482	0.9988965889658964	0.9524751538363935	-0.3046162853892396	-0.21917936827177983	0.9756845824978396	-0.7769810087371593	-0.6295240361271255	
-0.8254231943157774	0.7918728722325661	0.3247334286410921	0.03824885480971141	1.7782950392215566	0.25931767963010205	-0.24255381651147973	-0.024042197762392026	-0.19150797753912352	-1.440215919483425	
-0.2977965080170436	-0.05760348406313298	0.42231279469550753	1.0334766012679872	1.2749168680738459	-0.604748531265791	-0.33045628747914374	-1.0201712835729504	0.580703868249566	-0.8048507762597624	
0.6957850216595403	0.05551478981664165	0.6727827102059974	0.06535221802781288	1.1564691131870735	-1.597708817159584	0.6599982016818322	-0.8823311410132804	-0.41596499569649525	-0.7232960361126217	
0.2901590930139195	0.9695539607553809	0.4552486462778773	1.0414049476643406	1.9468674507556611	-2.210302049222111	0.05820445489336268	-1.6809826835061847	0.5523409184391093	-0.47352883119970446	
0.7536329554505046	1.8556645513918508	0.557094209780518	2.036205169414833	1.0045135075695744	-1.8756842885434024	0.3385406251238528	-2.6408845699823504	-0.4412477613917537	-0.5865842835757968	
1.186215381660778	2.757258941643938	-0.05662268266035175	1.2466789976303114	1.9812423184589418	-1.6612062477591707	1.3385357339237673	-2.6440122490335463	0.0002500933663905913	0.31067802157468505	
1.4823833095004029	3.7123948264892217	0.9115875029063858	1.4968170326526238	2.980879100380119	-1.6881562798606828	0.3760983977791861	-2.372508337468865	-0.49568187318271123	-0.557683357434504	
2.2931732513551126	3.12705759874163	0.7984899512704371	0.5032331439879807	3.9140096176014794	-2.047694091266099	0.05103710759862212	-3.3182012884979755	-1.031286776488894	0.28678534391231003	
2.6349773428425363	2.187286369642517	1.6867831047164605	0.04395624108416657	3.060461399637968	-2.568707948674244	-0.05262348381420255	-2.323588558945441	-0.7641730536015711	1.2504503578280766	
2.517066974245706	1.1942621277544552	2.4944992630816065	0.6335277867983831	2.787833570236913	-3.5308275184970745	0.581000503539293	-1.5499474001061135	-1.112121534265609	2.187964013623867	
3.129458819827933	0.4037077479269864	1.6500182756316994	1.1691133185630396	2.3221463446945183	-4.415776900081483	0.7664432473204034	-0.5672923289957399	-0.7822791337260515	1.243928002231133	
2.9413477744592242	1.3858555141059314	2.6483684303463435	1.226532553852674	2.1181132040611885	-5.394740881810791	1.6305690507587243	-1.0705681935393083	-0.5827995750184879	2.2238299900124803	
1.941729550141224	1.4134853098222961	3.057678767347683	0.31413732807392736	1.1830131179778776	-5.74912461310638	1.9393568088460196	-2.021699162678376	0.4116945704979892	2.3286221392100805	
1.0834088790365488	1.926598967362631	3.01714558091045	-0.685040864641088	0.6020905793180947	-6.5630834597792775	2.1167051453476518	-1.0375510195921311	1.25732543936462	2.862390285149745	
0.7811234844373907	2.879816434791775	3.9097676018181176	-1.1358467294994679	1.0383594411742436	-7.462899818918597	1.119498838740467	-0.9628544195165095	0.2891251923366577	2.612213784144969	
0.011980519493112629	2.240739679247713	4.5621624244344146	-1.8937260044657718	1.9256706254798939	-7.924071004278334	0.8492463876982475	-6.492398507573771e-05	-0.6999652258492972	2.4649040945358576	
-0.6076244989437569	3.0256534459303	5.559267674223992	-1.8176923221791519	2.8966282809790176	-7.6848196067324785	1.1737241657564896	0.945828395341362	0.05364441053423363	1.8075818630923421	
0.05260301272321044	2.2745877811325776	5.204020671044713	-2.7524647900728856	2.644184068135077	-6.717208156096634	0.465677117239926	0.23966313346070067	0.8206106913256906	1.1658944593442868	
1.0128033464714936	2.5539000061956516	5.711552868887282	-3.6140975820168153	3.2631873067727533	-7.502596589011245	-0.5011083688337413	-0.01592603672712789	1.6329896542341327	0.5827646104908739	
1.9972880360305871	2.378429507183038	4.805671783670084	-4.037629705291674	3.7338653617932778	-8.384901620461306	0.18105107824661315	-0.747129489097961	0.6465165007844511	0.7466875116457801	
2.1750881578680925	1.3943628851118652	5.036167646003536	-3.064556400012386	4.733457535717228	-8.35634490794059	1.1788094716277702	-0.6802102210397074	1.1829851516134133	-0.09723273735749682	
2.1491840718456174	2.394027317972883	5.2482038375481865	-2.0872945858217156	3.9033562160253306	-8.913957496612841	2.1746475528427425	-0.5890701310568548	1.329099247708706	0.8920350074529036	
2.4699358207595723	3.341190617287547	4.767842662729525	-2.964365359321116	3.439661427091177	-8.027962495094599	1.3859467728198824	-1.2038473912018053	0.803691715412675	1.7428857141027807	
2.0309518295932785	4.239685500689624	5.243755256198517	-2.0848727764202604	4.439661051913384	-8.0288287256908	0.7057966285960676	-1.9369202261318168	1.6199345514936363	1.165176762686491	
1.8866584904166712	5.229220458267811	6.206561020874482	-1.814678291823093	4.274417244625016	-7.042575977074684	0.14144386556033084	-1.111386484329624	2.3118564866699463	1.8871490859938809	
1.5720460972379637	6.178440686696581	6.966180871937298	-2.4650456356152812	5.030243536930382	-7.697348163304309	0.12529637492811782	-2.111256105103394	2.7651277013383964	0.9957764333098378	
1.324895100180455	7.147417665088471	6.105877659032214	-1.955262954597978	4.419821950304629	-6.905271470943463	0.7930089305010753	-2.8556753036268	3.627083164006991	1.5027604373728547	
0.34071760659364947	7.324603051385404	5.51641978913501	-2.7630620754295436	5.415390598285852	-6.999309054689749	1.7836294848511907	-2.992316868675911	4.547406829114697	1.1116027307598848	
-0.10282373559904229	8.220856965053795	6.262243138652325	-2.0969182986705226	5.273063684028756	-7.989128760231144	2.7359736915804715	-2.687291440376602	3.559294028873569	0.9578721417424874	
-0.9283177627979489	7.656446111987581	5.285250576397234	-1.8836449217613724	5.857723267178059	-7.177850033878922	3.541898749897835	-2.0952738727519966	4.5426068875768495	0.7759495705513845	
-1.9260518666090671	7.723726555596587	4.598710457621388	-1.1565529981978888	6.663847600596121	-6.586103839069622	4.1409309901397995	-1.2945489667132912	4.681245927861557	1.7662925497807702	
-2.267314524604502	8.663694532847881	5.479448570742466	-1.6301566047043465	6.988708621695559	-7.5318656045107035	4.341723124678463	-0.31491509699082854	5.266573872645033	0.9554959063148809	
-2.7124667560889844	9.559149440034382	6.0750198799813875	-0.8268541612800546	7.530034577762144	-8.372678431059274	3.442872604713524	-0.7531704366716576	6.212952734152157	0.6324370099933604	
-1.7951073138121765	9.957209301946612	6.742282432884743	-1.5716767478688993	6.614731014716813	-8.775443111085368	4.434855533641966	-0.8795423825874741	6.729342869174628	1.4887904583144809	
-0.7966983485754049	9.90082190854313	7.305391562845302	-0.7452942046390332	5.853565592152067	-8.126885326850353	5.370606317551793	-1.2322043601412553	6.869480540975354	0.49865843027868795	
-0.31179064183969857	9.02625657882309	7.502217833503306	-1.7257325857619175	4.892118544473759	-8.40187546214736	6.309357054471868	-1.576801304312291	6.433168181342391	-0.4011368380082243	
-0.4512646270847456	10.016482314420719	6.644136767601518	-1.2122183363580183	3.9689013765921812	-8.017596838062286	7.218080633936076	-1.1594028662153584	6.5136198263109595	0.5956216747830393	
-0.03507412837328655	9.107204871182239	7.483079529533395	-0.6679986728010006	2.997686001761089	-8.25579989365079	8.075000176117785	-0.6439526763549891	7.4235139208834	0.180781058808423	
-0.8870349979963343	9.630810330121639	7.627584680923259	-1.6575027209088355	3.9798075395272132	-8.067551958586677	7.096242480908118	-0.848973099893382	7.019392160189634	-0.7339241409875392	
0.036990048848607904	10.013142270721954	7.349692917246156	-0.6968903289002643	4.686517305051359	-7.360048384523049	7.8460358972494015	-1.5106450977981345	7.730997061585464	-1.4365040042838269	
-0.06707187353329251	9.018571450563739	8.291129638605371	-1.034080037634694	3.7421142806757546	-7.031258288032579	8.497039353702057	-2.2697198633428046	8.620303418885381	-1.8938159359737319	
0.880299207007107	9.33870897687972	8.72346120527685	-1.9357947466526766	4.310557418880229	-7.853980840676087	9.224048192146132	-2.9563479641544426	9.52185794364129	-2.326481440598433	
1.5600481636590962	8.605264121467583	8.516545741159424	-2.9141535717823275	5.195061450480723	-7.3874482929557015	9.122812702373375	-3.9512104549593126	10.252187483287312	-3.0095764292496674	
2.503401809039631	8.27347518291288	8.970222512641811	-3.8053198789423983	5.060995968260158	-8.3784207680916	8.123343113886454	-3.9186444958948825	9.25448397053869	-2.941843862126741	
2.1296649997598838	9.201009978696518	8.003616461687653	-4.06158681449751	4.395322008885029	-9.124663476471278	9.06707243934385	-4.249363349714448	8.927407314294731	-1.996846052107971	
2.790338684003554	8.450336758881202	8.985115535089456	-3.8701199272522206	3.752062681363272	-8.359015099240413	8.34884308065717	-4.945169779923685	7.962262875818896	-2.2585638636515557	
3.767254806201553	8.236713515319963	9.89467667219445	-3.4545497913325773	3.9836229610733738	-7.386194541860697	7.55994015270272	-5.559687615519117	8.893880892277286	-1.8951249122303637	
4.684267933906319	7.837856493798311	10.813551641843896	-3.060000947522677	4.149876345162872	-8.372277607468655	6.7530209006911885	-6.150349380603967	8.764391911561798	-2.886705773216125	
5.144990950741046	8.725400465530814	10.76381299060558	-2.061238680227304	3.151482356874357	-8.315625651197475	5.878124523027556	-5.666039223420522	9.328603851130243	-3.7123357673711426	
5.1500192313231175	7.725413107413529	11.210633819501162	-2.9558621467566955	3.965809674368544	-8.89603156086994	6.719562111428418	-5.125684909265319	9.912152182577577	-4.524414177911057	
4.616232056895656	8.571031965065574	10.911237216244707	-3.9099908980049207	4.675999524053827	-8.192021349719566	7.706643926956934	-5.285901916642594	9.036031041596278	-4.042323163344692	
4.0060797091461655	7.778747854070165	9.969565608901213	-3.5734577140198613	3.912876788356524	-7.545767769256089	7.065198808875712	-6.0530708422970205	9.922229993382262	-3.579018276846153	
4.211828129622523	6.800142935080134	9.19781460663699	-2.9375328831599807	4.767829302819291	-7.027061495904984	7.022762612299753	-5.053971663426291	10.633243808339698	-4.282196316136113	
4.631660952967003	7.707744389707992	9.066121567166379	-3.9288234275287808	4.198279349025106	-6.205104775552239	6.028711178901381	-4.945060012265166	11.62460699343081	-4.151051223791767	
3.8202549161916393	8.292227275243999	8.418675092585218	-3.1667125021692066	4.887631196470128	-5.480678084696542	6.965238370843699	-4.594465062568744	11.602642257881312	-5.150809969886164	
3.8405200702748337	9.292021915922765	9.093094685957308	-3.9050608021441064	5.252296406330628	-6.411816787961205	6.092159466658659	-4.106886118122772	12.593998667950876	-5.282006266381096	
4.201273741414212	8.35936078305646	8.370053589787629	-4.59586582040161	4.985360692730632	-7.37553112572155	7.055664713537626	-4.37457556363137	13.568729749758107	-5.505387819242797	
3.659898649001595	7.518579593141253	8.654524626274554	-3.637181185393801	4.019614926397097	-7.116041020305462	7.706975970816594	-3.615764884909932	14.314514492659072	-6.17157481795723	
3.605246252825608	6.5200741521985295	8.994837792282494	-4.577493340500632	3.030951073166927	-7.266186900422348	6.8464392430757615	-3.1063764867213792	14.305289117434235	-5.1716173726367	
3.8612294775269356	5.553392928282646	9.77179810580674	-3.947943762462249	2.684884943440455	-6.327976777978478	7.193034881035965	-2.1683618473116524	13.929677032186877	-4.244840397622683	
2.893141188913498	5.804002316473723	9.141865189529973	-4.724593310837221	2.1153768385298246	-7.1499624946677045	7.0203313772287395	-3.1533357047173745	14.04238289041584	-3.2512120015304253	
3.8916885480411114	5.750121229074995	8.261508398472337	-5.198905360482497	1.1169767756641464	-7.093417694112659	7.857856557183467	-2.606936973988797	13.68467767128104	-4.185046556579511	
4.7930216629756215	6.183247787857129	8.98722309555939	-4.510909591286314	2.005943260645722	-7.551389951546995	6.881149970725928	-2.8215161993822657	14.536634093644688	-3.6614338615526094	
5.783782555941663	6.318868040655641	7.987993299692834	-4.4716691140659615	1.0458428699306088	-7.831045524973821	6.461644469277108	-3.729268992963301	14.07140637533353	-2.7762428256089584	
6.655553033424785	5.828953523021339	8.157775985429689	-5.457150640845627	1.57553926559412	-6.9828582057918585	6.042509099065108	-2.821345239866572	13.179055762084564	-2.324899959226652	
7.608970023210293	5.5272980182011215	7.255279983495992	-5.8878488722022135	1.8790436585524053	-6.030028166668918	5.949315573094102	-3.816993253331718	14.135729338633821	-2.03373734498428	
7.104866927157024	4.663654533567844	8.043657306316115	-5.272656872203047	2.5311691964369536	-5.271917170284624	6.6877142887644805	-4.491357647925869	13.561329057755813	-2.852311909289369	
6.137807811821719	4.409102638177345	7.8903453517550375	-4.28447903163554	1.5314462223908736	-5.248380493279135	7.494186367366927	-3.9000854716528357	14.142796122458765	-2.03874196597427	
7.124273849573931	4.245136921146462	7.414695555568464	-3.4048442941520367	2.5130960057902616	-5.439073185199762	6.9578323579551276	-4.744078585717096	14.114936012557607	-3.038353797775142	
6.807784443904444	3.29654087640509	7.662103022950431	-4.3737558200839155	1.5610459893189632	-5.133130762288195	6.762710704023312	-5.724857633294538	14.981252028079831	-2.538857490231535	
6.611011342878186	2.3160918228013294	8.662102323715033	-4.372573250717389	2.538848889679013	-4.923603942889162	7.223668694057972	-6.612279591228421	14.042688231798234	-2.8839632715645562	
7.598545228472394	2.473498381759986	9.327750345609829	-5.118839095405155	2.8699386410433303	-3.9800046759641003	7.661831888020835	-7.51117503312156	14.749629880510907	-3.5912351466701677	
6.641045180148954	2.761931489188048	9.953773313081935	-5.898643714651167	3.006073930756127	-2.989314420185427	8.381631597515668	-8.205356837990541	15.023237502206168	-4.553076541781786	
6.2534273379406535	3.6837516497409517	9.973508531874378	-6.898448956255359	3.087410388985872	-1.9926277188782207	8.586440332905871	-7.226554824349445	15.557276265245356	-5.398536534668247	
5.332326848903238	4.0730765642982325	10.653882757038264	-7.631313823562178	2.089963424231233	-2.0640388699805334	8.905946284971611	-8.174139093211357	15.848485202014233	-4.441877057557431	
4.601513523368993	4.755653946886888	11.633019376749683	-7.428110772551379	2.487993061233122	-2.981411426834151	8.082242593071516	-7.607118610380134	14.850788580046808	-4.50971104988275	
5.180090221970526	5.571281928159816	10.636555252732293	-7.512130112862146	3.1998951452448074	-2.2791326910177947	7.655949502233488	-6.70253351172785	14.00305524407781	-5.040133703138503	
5.084118840840569	4.575897834453267	11.347978701284436	-8.214893712410513	2.531029910817377	-1.5357490093470587	7.143116248796217	-7.561021749369429	14.631663637972741	-5.817855688892305	
5.833211423724428	3.913432512894177	12.109992793584999	-8.86245415216525	1.5319716515424227	-1.4923601331862426	7.153869374185714	-6.561079565893626	14.177419587329862	-6.7087329769940665	
5.767308761507929	2.9156064563528687	12.84294708564311	-9.542732040791357	0.7950654733201369	-0.8163651002918989	7.43477394635402	-7.520815269790766	13.213199870262551	-6.443628587708194	
5.433751858277583	1.972876488489652	11.853225554466809	-9.685740050098666	0.009828858158638987	-1.4355609160155791	6.700890745411631	-8.200090948270832	13.802694310483309	-5.63585615382052	
6.298858217070249	2.4744649532458656	12.112854068527485	-8.720031483973955	1.0022162729697577	-1.5587161795023858	7.125795279325422	-9.105329114202597	12.978456744895823	-6.202100302112063	
5.6485338756502355	1.7148082867466994	12.80339456440847	-7.9967377514223426	0.11623717906206199	-2.022441362297647	8.11757638062929	-8.977382847760449	12.307102705121789	-6.943237100064428	
6.105803784654827	0.8254803211912849	11.803474622332745	-8.009391187290978	-0.8492264331213083	-1.7619034311823512	9.071472024504398	-9.27752131679781	12.503497333308857	-7.923762036014178	
5.85499617033338	1.793517273274409	11.278615899665557	-7.1582018304260275	-1.6834607076668617	-1.210493261550475	9.067665672978832	-10.277514072615602	11.886103924385083	-7.137107487551207	
6.673509501696743	1.219029739571153	12.226982423246323	-7.475378337991345	-0.694686974318427	-1.3599138231884185	10.050132035726206	-10.091074146446484	11.592496037773097	-6.18118154433215	
5.833787175190565	1.7620457746631681	12.380353305231024	-8.46354703439861	-1.36211250401655	-2.1045903719712973	9.104527018581328	-9.765757144815097	11.095079596039884	-5.313669651910225	
4.8721812197811385	1.4876118363080075	12.166535660478683	-7.486673442375281	-1.264579016783844	-3.0998226156552664	8.477869476163464	-8.98646238380948	10.718265000236254	-6.239958354415738	
5.083370161301507	0.5101665790278331	11.549472549466044	-8.273587107924053	-0.638832019336139	-2.319796529434311	8.731046445564878	-8.019042401503597	11.686282442478616	-6.490841258405937	
5.037225022854302	1.509101324743332	10.745622558783502	-7.678755037100969	0.05012886245770176	-3.0445950554798964	9.316405153585558	-7.20826796743185	12.677378783532118	-6.3576945620505265	
5.563591935451848	0.6588437912145036	11.691946710167441	-7.355535915594417	-0.06319740353301881	-4.038152883407693	10.307746638088531	-7.339576996456679	12.539091738839492	-7.3480867536949175	
5.535325685735391	1.658444220949789	12.066863250752416	-6.428477348083283	0.45578136038768613	-3.183365750491353	9.388325273914766	-7.732850889692491	13.184933535582505	-8.111558019414693	
4.546690090081711	1.8087760506017045	12.92593420547305	-6.940333865825685	-0.5441888830724985	-3.175651335790345	10.388169006378067	-7.7151729188288645	13.795176049831667	-7.3193433554486305	
3.712156132959461	2.359732559239073	11.981666473593393	-7.269512313678588	-1.3872301658267197	-2.637802476377111	11.387436604014242	-7.6769071597951175	14.786336159117203	-7.186672191433671	
3.2733845706558826	1.4611339190700168	11.550285069063374	-8.171681967250302	-0.3880283001859689	-2.5978571174471528	11.339644073616983	-8.675764443914439	15.056468955344407	-8.149495265732616	
2.560592636694334	0.7597583713929145	11.367335943071197	-7.188559585601558	0.3545758022673906	-1.9281264648565457	11.80635972687493	-9.560171872085418	15.323972093075314	-9.113052254864094	
1.8289319039511491	1.441427332224861	10.695444847186538	-7.9292095402163625	0.959759360205373	-2.724212428306175	10.838162832095716	-9.3099823980065	15.629867090471466	-8.160986999449316	
2.7389176542522433	1.0267878089652531	11.539578279029733	-7.393076395144516	1.9382974957855301	-2.5181466203337943	10.824779835736319	-10.309892841700556	16.41222192373317	-7.538154024349208	
3.644195958672518	0.6019687986256118	10.872355688487529	-6.648218009496513	0.9390435361947037	-2.479526363446312	10.840235406831255	-9.310012286172983	17.412156168279477	-7.526686392352559	
2.7254230692775248	0.20718230225982281	11.814567641790683	-6.313200644196363	0.8005739979836087	-3.469893056640104	11.127056918944598	-8.35202824654131	16.522280073789847	-7.070484094620638	
3.7146315646582306	0.35369698639298297	12.644278564736949	-6.87139396585442	0.31578570220584257	-4.344524583785615	12.126524660773253	-8.384650831416364	15.89148914755063	-6.29453125625076	
4.356706660277682	1.1203387355726582	13.500728769031149	-7.38762361200468	-0.2569520065996034	-3.5247858955975513	11.416857575863572	-7.680113658092063	15.827103940657977	-7.292456376253955	
3.415952557210316	0.7812491934721754	12.50075012732712	-7.394159370244058	-0.26978934164794655	-2.524868297578166	12.239849369116156	-8.248166919889666	16.255632274840643	-8.195984719363693	
4.390072904676507	1.0072791663791938	11.531212594668192	-7.639102165128167	-0.06342966404484929	-3.5033445024291305	12.37496058865262	-9.238997358640601	16.024221335315126	-9.1688408120454	
4.226231828882727	0.020792419441994947	12.139055042483	-8.43315981960579	-0.3046539548656757	-4.47381389479449	13.18689320943922	-9.822748520783003	16.965979644256223	-8.832550331150674	
3.2486318226159843	0.2312638610849508	11.437498102953482	-9.145773221527179	-0.5357402205737983	-3.5008806299704966	12.188586522206085	-9.764578440624865	16.025440173299266	-9.172234748767984	
4.137472129357117	0.6894809593171424	11.038363110478457	-8.228881048050951	-0.04464481035787832	-2.6297748395725353	11.321101241221655	-9.267115590478882	16.07147767299135	-8.173295036562036	
3.4171969586875486	1.3831694185817638	12.038087981090039	-8.25233702981799	-0.36000949999919446	-1.6808042854838237	12.269779967906162	-8.950874110694425	15.111238335929375	-8.452473143796073	
3.6143562464257	2.3635408865767196	12.874216483256982	-7.703803413834372	0.5784215394621708	-2.0262709035172617	12.01019639393336	-7.985153463652276	15.460204910319817	-9.38960831545393	
4.187123510028995	3.1832589245290355	12.030629940232478	-8.240796658138214	0.1511782229830858	-1.1221342166584924	12.128658763207282	-8.978112006123213	14.836435571964554	-10.171216793227705	
3.1872457919583024	3.19889698405523	11.235881602469004	-7.633857551124838	0.1957177543077761	-0.12312659399018822	11.30859272557501	-8.405843106110197	14.21537660978161	-10.954980638714497	
4.160310642150413	2.9683654302049893	10.247848053237728	-7.479618432891336	-0.030339386007085856	-1.0972406372688317	10.312834447776781	-8.497850998142914	14.11572087682311	-11.950002615802694	
3.1603466547749	2.959878737559099	9.443711377942646	-8.074062885675087	-1.0163836880448425	-0.9307575017299025	9.474280566405303	-7.953032323686147	14.450986693681022	-12.892126191585932	
2.558060975450889	3.758159365209059	8.498421700838975	-7.747830719325359	-1.3174223063692676	-1.8843694512551383	9.103591066119186	-7.02427546940316	15.426505135762184	-12.672208549820786	
2.7469159914424215	4.740164346324144	8.444723657668415	-6.749273500053647	-1.7307069638848422	-2.7949713356493198	10.089802893143249	-7.189763330703802	16.232389822453104	-13.264281072200502	
1.8481370414904386	4.301762248789003	7.467891058875116	-6.96327834564068	-1.1001387415379191	-2.018837508937559	11.022114435769456	-7.551419503727214	17.228351687501647	-13.174503773460641	
1.2780015361453643	3.4802115774698708	8.35723301724581	-7.420521039493059	-0.32280637943928003	-1.38974737323827	11.954919686039517	-7.191038642597479	18.116462660210942	-13.634132863220358	
0.3496985860033264	3.108386843545957	7.948669164814742	-8.333250779606027	-0.3877658541689454	-0.3918594703940447	12.945048191535653	-7.331201200379467	18.733026820201204	-14.421437528909255	
-0.6502764356063462	3.115454810490913	8.085211072501226	-9.32388507511842	0.4825410177727134	-0.8843693166419397	12.26355368127575	-8.063024425267566	17.874539768882837	-14.93427276825879	
-1.5570290176115242	3.5371178928528186	9.044143337333344	-9.607520248296826	0.8233894693273407	0.05574893819242566	11.372611314035872	-8.517140818119664	16.957008507414596	-15.331936425422102	
-1.2567465398872002	2.5832675725342997	9.00518470127763	-10.60676107246119	-0.1766009948175291	0.05138183167577734	10.478273577355676	-8.06974835869534	17.818049854711195	-15.840471378248019	
-2.1500710387211335	3.0326797884153347	9.278444003191755	-11.568701483254605	0.43903672411496986	0.8394111452343463	9.661048957568534	-7.493429071482288	17.411447349773532	-16.754076546238228	
-3.1401024221166507	3.1735267262306754	9.648497845516799	-12.497711792013593	0.8123134282878645	-0.08830891066712077	8.772991643477122	-7.033696315537329	18.34255394744476	-16.389329368355913	
-3.8131942233360174	3.91308566717539	10.647487889330815	-12.54264387810436	0.6796396900370048	0.9028508540421527	7.795334700671021	-6.823489507410119	19.340644876657837	-16.327567753880754	
-3.8970833705700008	4.909560760178901	9.933387690703992	-13.24268738126765	1.1401328759874652	1.790514092941452	6.86472782239559	-6.457469237334188	18.342753671151446	-16.3924764741963	
-2.9511898455798224	5.234037938700989	10.87018016196729	-12.892801877446184	1.3221532927692856	2.773808844211168	6.700473812826358	-7.443887313172436	18.49322668690035	-15.403862357601039	
-3.591581691872176	4.465989578763757	9.949823757585792	-12.50172120940702	0.4675356399289553	3.293066648633677	7.061366081552636	-8.376494824601332	19.468211358337737	-15.626134466652383	
-3.515522416742043	3.4688862808719696	10.50694583191751	-11.671290601654437	0.3964308182587932	2.2955977998292374	7.938974743275482	-8.855872584691468	20.18238894784329	-14.926169917087167	
-3.366681014756582	4.457747361638628	9.776854833662746	-12.354640537095541	-0.04757494521077882	3.1916217292004356	7.605099589103252	-7.913255280889724	20.34670089420366	-15.912578343796543	
-2.8717536038850673	3.588813038477194	10.225489274509085	-13.248355893619358	0.32042786953269264	2.261797053070101	8.310425907485609	-7.204372508777727	19.41403345591267	-15.551840974576612	
-3.549642793571305	2.853648943525233	10.493692099019764	-14.211718361709378	-0.6506124841444456	2.0228815208613757	7.994104389054481	-8.153024550876106	19.26550583332305	-16.540749233884764	
-2.697108920748508	2.3309769663830076	11.328380819510521	-13.660996344821092	0.11796113528563756	1.3831201657326515	7.464728868335216	-9.001412173406754	19.6614030014433	-17.45904408428651	
-2.6485524832862417	3.3297974068931993	12.299832862837341	-13.423760328339306	-0.037446043433081805	0.3952696665159492	7.873284384763687	-8.08867870190707	19.725591878368395	-18.4569818519249	
-3.216914215962838	2.5070186147328415	12.87927167094901	-14.238776075214254	-0.5089315555183661	1.2771434737546477	6.8894979973727475	-8.268022907233824	19.341213215518533	-17.533806330398384	
-3.3456696436233395	1.515342236145572	13.616403416861228	-14.914525133051855	-1.2904688781206344	1.9010019620191563	7.468428765581736	-9.083399608900576	18.726362844753808	-18.322450116635544	
-2.363461386615956	1.7031371771490977	13.454228217670698	-13.927763153257583	-1.5844780915486947	2.8568045475039483	7.634706434279253	-8.097320637979626	19.691339173770306	-18.58478708398449	
-2.996570692566586	2.47719958207438	12.90629820726862	-14.764287333243301	-1.9266659384559894	1.9171729827782045	8.631955227839684	-8.023193424742763	19.199936543728004	-17.71385456352868	
-2.0567507307124613	2.1355295083182617	13.901641563751639	-14.860680293075003	-2.4648609099990373	1.0743526148433888	8.548733317537968	-9.019724464723822	20.195419539631068	-17.80879457020584	
-2.9573355645318053	2.570209801286076	14.352291975948697	-15.75338080611766	-3.4616117621776006	0.9938061147250821	7.600853084449096	-9.338351305588468	19.403068555319656	-17.198729067443445	
-3.933937604764539	2.3551552616612126	15.351050916792959	-15.703575403964384	-3.860118945451724	0.0766409033923996	8.579350176676847	-9.544611918653187	20.015361218895155	-17.98936026726522	
-4.780905805906312	1.823511709782071	14.356295815581191	-15.601290074551192	-2.949922973175104	-0.33753694735703144	7.67498730278769	-9.971376247447129	19.887753339407777	-18.98118496402001	
-4.894610827896453	0.8299971563032498	15.353369891645132	-15.67773146936605	-3.942832910759593	-0.45640601753917	7.948857633112473	-9.009609621821248	20.355777720611094	-19.86490051701161	
-5.425300355816847	1.6775634516192146	14.44284421849644	-15.264278934560515	-3.0144801915861557	-0.828106473287189	8.89444443164506	-9.33497957501437	21.123465679160404	-20.505724360433803	
-4.502297590249345	1.2927701372870362	13.640922514018376	-14.6668497924131	-2.3590038975220695	-0.07289072403402908	9.881561552256063	-9.494978919377528	21.04617947651362	-21.50273330867872	
-3.6930531532892954	1.880242214282371	13.8807606301638	-15.637662687900079	-3.269409382915912	0.34082639207890464	10.875579833388132	-9.604192731577488	20.161187251304348	-21.96833910902827	
-2.6946043220861577	1.9359192424815124	12.983626602276422	-15.195904229003627	-2.81272394588481	-0.5488018514046933	10.001865656678689	-10.090632386022868	19.644386960006152	-22.82444509482331	
-1.7497452352625111	2.263396426491001	12.029361932566923	-14.896941120670474	-1.8322274425115235	-0.7453383794923704	10.41374769134874	-11.001869561250073	18.68906622250393	-23.120016217394866	
-1.1487430850750375	1.4641490208211212	11.22786580679986	-15.49494108754371	-1.8639579330140537	-1.7448348407029486	10.948118763559043	-10.156619564394225	18.464988308363555	-24.094587450499198	
-0.5850843549100183	0.6381412509371097	11.483652890212111	-16.461674229604874	-1.6541267623778835	-0.7670972072708225	11.149107794114421	-9.177026072380109	19.352501960725785	-23.633806030658235	
-0.19439269139644716	1.5586628552794513	10.737110644716855	-15.796336213487578	-2.4700991752849615	-0.18900636546946614	10.157391977573539	-9.3054773830883	18.767244311372927	-22.822958644355506	
-0.9667722172567632	2.193824148205739	10.145455834415472	-16.60252762093821	-1.7123426954830727	-0.8415438106159112	10.534073951652928	-8.379134741079604	18.61607612052119	-23.811466701011906	
-0.3214391733732881	1.4299228047901846	10.234165230265958	-15.606470070849944	-2.0637521004713513	0.09467808086376583	10.848662465137	-9.32836288393246	17.827765082093727	-24.426743635971615	
-0.9171093035017485	0.6266936369478165	10.029882349651722	-14.627558172522036	-2.977747215144908	0.5004032715444429	9.87629709714595	-9.094898558752725	16.850662694920956	-24.213973983574302	
-1.5731485243018524	-0.1280331618158107	10.971676499297173	-14.291368077942199	-2.0884233485682016	0.043125390669961905	8.89445798393687	-8.905183098726903	15.888604814024857	-23.941128544166368	
-2.3300228080422456	-0.7815936552764137	9.976168649179607	-14.196689039320646	-2.8338518112987097	0.709711024291953	9.788808454465565	-9.352550102276675	16.842526088352667	-24.241185542726324	
-2.7375328444489426	-1.694794383609354	10.098791675580882	-13.204235718808194	-1.8379923113974914	0.8006167801960511	8.869746177459465	-8.958437769325316	16.836776553033083	-25.24116901401153	
-3.642619597690774	-1.2695674217335102	9.134900550855608	-13.470532357307153	-2.3975672515856514	1.629396537618623	8.046370934931545	-8.390940447752705	16.992018499449518	-24.25329253485392	
-4.386037367612382	-0.6007400752794474	9.653107782078097	-14.325787445283087	-1.415734329283178	1.8191440347904837	7.449922176547697	-9.193591603998284	16.373578583422542	-23.4674604470231	
-3.497458653504546	-1.0594642503939316	9.864583842951411	-15.303170622792043	-0.5381113174297112	2.29849552280867	6.665479895398738	-8.5733897759247	15.541753700508709	-24.022498611625668	
-4.187800898972319	-0.3359812968127759	10.514542826807087	-14.543201334395928	-0.696571366256685	1.311130133033561	7.00562962590665	-9.513761064743852	14.762497851269972	-24.649204540612473	
-3.3202286358018505	0.16132984138671358	9.857103733752506	-15.296709024418776	0.17254867113387595	0.8165289193207053	7.765157251625379	-8.8632860185122	13.792144367720189	-24.407514414701623	
-2.8031931324863546	1.0172937940805706	9.334272923984155	-14.444272549156853	-0.5426142414334431	1.5154867209712979	6.84139714866595	-9.246257652161988	12.807942971348298	-24.23046184798874	
-3.2813226779986726	0.13900446947951184	8.364491953333395	-14.688249738589942	-1.4985721558114569	1.8089904959692318	7.389540675491904	-8.40987336608363	12.185124884229094	-25.01282853334617	
-2.3303605388133724	-0.17030283699112025	7.4852339564626	-14.21190388215918	-2.494569114755662	1.898377619056929	7.178842942798533	-9.38742462583315	13.052606134093793	-24.515358653722107	
-2.777735682381712	-1.064649235718821	6.7500333728809405	-13.534054266166676	-3.3217475579717157	2.460316960159388	8.176939781088535	-9.325758578485338	12.097537885698367	-24.811744619831995	
-3.063787226709347	-0.10643500393775684	7.742703870565237	-13.413201947085865	-3.2638896117984837	3.45864178608761	7.557640405058617	-8.54060363654779	12.061014052659932	-23.812411837611688	
-3.9731257446777293	0.30962203510745134	7.1937113189386865	-14.249029188959787	-2.3072591830649416	3.1673374386756987	6.798307669883707	-9.191306177876614	12.081220480808962	-24.812207666899578	
-4.575593922539464	-0.48852086855326615	6.5727790956318755	-15.032893446378926	-1.7047758280637382	2.3692059915152113	5.804396800947732	-9.301493221629205	11.387463921977238	-25.532417245479287	
-4.049379597294269	0.36183110792867523	5.614171167059054	-14.74816403223749	-2.190472397077007	1.4950785163442617	6.224886494588405	-8.394195906774822	10.64396718119666	-24.863677687468353	
-3.5098563669647604	-0.4801396064876945	5.872041969806181	-15.714343440572481	-1.434708298880075	2.1499224885060113	7.010078089444665	-9.013448810980432	11.635696674858409	-24.992023359001955	
-3.60966965919465	0.5148665777615445	5.9176907243188595	-16.713300992829552	-0.4704086526207798	1.8851089838953172	7.990844223854581	-9.20863536173286	10.881738638226091	-25.648945941196796	
-2.712229533434097	0.07373029419955662	6.832110504901017	-17.118068166498663	0.4171711827048704	1.4244550618200877	8.973169384877798	-9.021452889207488	11.747786126480214	-26.1489076878222	
-2.612772913031976	1.0687721931456202	7.517245349820975	-16.389651908939495	-0.3500748903045122	2.0658079003198337	8.039108838957578	-9.378567571844902	12.740926749899154	-26.031981633775032	
-1.6603353139233588	1.3735058798364963	8.461587756805454	-16.060687749233974	0.6442016151644127	2.1726453032857567	7.4335537552816575	-8.582764178641375	13.203982760461274	-25.145652614120202	
-2.6147982661162366	1.6718353502065153	7.769121629630582	-15.339237360977489	1.1381387519976784	1.3031476869250471	8.340826500981862	-9.003306881478569	13.080242727173149	-24.153337944188404	
-3.5447560111716667	1.304168935624737	7.365959678497898	-16.254366008304675	0.44688487152297973	2.025759666294799	7.691758736062157	-8.24257628754788	12.351374379260324	-23.468684067100988	
-3.7697449264819074	0.32980761250711577	7.1454608249370395	-17.22975324196029	-0.42172237823295955	1.530258459766073	8.623189878083698	-8.606493898652987	12.13050336507325	-22.493381039784875	
-4.144474740324411	-0.5973264482508538	6.933195380433877	-18.206965287050746	-0.8610532845434931	0.6319331541220846	8.323870850982065	-9.560646989102802	12.492760882888295	-21.561302990055946	
-3.153394098321871	-0.7305899505605006	6.018964507452392	-17.801771616212328	-1.5407060738438392	1.3654671247030383	8.893614519847818	-8.738824531520027	11.992002067581947	-20.69571613196891	
-2.5104666971712106	-1.496517072974675	5.331753923410016	-17.07531334956507	-0.8446199437659477	0.6475088393457449	9.863449942497168	-8.982585178414794	11.027949198189791	-20.96142662294876	
-2.977547276692598	-0.6123023183850648	4.368621430153617	-17.34434085825835	-1.8348344693196466	0.5079552891133596	10.390720096802735	-8.132887476653407	10.575537781259078	-21.85323596907087	
-2.54959435834006	0.29149871042246334	5.145057737269065	-17.97453659054549	-2.7770338115556346	0.17290245821937672	9.738971715804563	-8.89132273945852	11.11252787740393	-21.0096474220633	
-3.537947072842445	0.44367923393243125	5.215903210350711	-18.972023893193416	-1.7860478621149216	0.03893661178421837	10.487441196933526	-9.554491975640765	11.532419143495828	-21.917221840312152	
-4.512187839513349	0.6691896074332728	5.784408489969183	-18.149344279342483	-2.5951825237262907	0.6265598749206052	11.486464383139552	-9.598681040156336	11.704272963388098	-20.932099378590546	
-4.369667491181352	-0.3206022647859965	6.768594789434062	-17.9722078123301	-3.4561278117504504	1.1352574383401641	12.361204120173122	-9.11408802281659	11.554759886283222	-19.943339630332847	
-3.808473983685655	-1.1482868950315246	6.997832363000073	-16.998837309969584	-2.502946074238899	1.4376554794622254	11.63624487351695	-8.425296261332964	11.987384602313208	-20.844913728829457	
-4.019989988096712	-0.1709123609464679	6.090586154444631	-16.578237361013603	-1.502979082611938	1.445780481402212	10.657154760891048	-8.628723278609913	12.565778104788476	-21.660671631821756	
-3.167738420353771	0.3522198071331667	6.002933453232649	-17.574388455963682	-2.50039011718287	1.5176917330680204	10.9321538149136	-7.667278781882877	11.592711121216372	-21.891194180571084	
-2.2659997322095107	-0.08006174267421107	5.157238068156283	-17.040722534566655	-2.603165862873342	0.5229871809030233	11.926937298570284	-7.7692877062173284	11.509805550410622	-20.894636773128155	
-3.254614398317318	-0.23053114805799124	5.982544172648898	-17.605408140800094	-1.742544233590086	1.032232123155604	12.917667952614666	-7.905128683601885	12.048199298644303	-21.73733017636737	
-3.173777149582325	0.7661961663148802	6.306415133447974	-18.5515094042762	-1.6219355644657953	0.03953199273752683	13.915733673754122	-7.842961036981	11.833407647439815	-20.76067028337859	
-3.4495535521652494	1.7274179803507566	5.338376818499433	-18.80231175831537	-0.760204187712356	0.5468967868636289	13.08910053699809	-7.280219837834461	10.991182776822315	-20.221543890671523	
-3.005092225094597	2.6232160205018804	4.875651259843342	-17.915810174917794	-1.3264206684754078	-0.27735978539546113	12.090426355840755	-7.331696821912068	10.320483795969514	-19.4798142383837	
-2.1807631594689543	3.1893269562421773	4.639839071399736	-16.944011527161255	-2.1372844347277145	-0.862594740417053	11.952569470215874	-8.322148980820215	9.772071289208709	-18.643606296285366	
-3.129043078621967	3.506762296006287	3.7176402386370317	-17.330727589474556	-3.136166306741557	-0.815318892861225	12.52132209101885	-7.499640344798839	8.795753212626956	-18.859946337284963	
-2.5752155725922186	4.339393723208545	4.170081436789482	-18.22252182707333	-2.2145843789511837	-0.4271349797862768	13.177165858511698	-8.254536995103228	8.682791229050215	-17.86634702656338	
-2.4870867156164005	5.33550280587376	3.3692752348521426	-17.623598270232648	-1.2944358204659432	-0.03556553470975632	12.182001356124243	-8.156314730886145	7.900520367498382	-18.48928546587095	
-1.4909091762921753	5.248151159375645	3.80244985531632	-18.524908288032137	-0.5726308164508223	0.6565309442429481	11.23265900784138	-7.842071026483363	8.895557076861925	-18.58879399323908	
-0.8712754899784386	4.463260023749022	4.179073908404632	-17.598542095516816	-1.54253159080069	0.9000314327753673	11.53692443918024	-8.794658317649994	7.925293673093546	-18.346742496016276	
-0.2903705650234978	3.6492886064602486	4.138212451300495	-18.597706917417252	-1.8933763968396937	1.8364650513920069	11.638575652807583	-7.799838217949506	8.765214150288148	-17.8040330046775	
0.5349275314342113	3.0845912964053115	3.3272726177061474	-19.18283646400499	-0.9103481812308833	1.6530106229446175	10.642437558133924	-7.887638538791357	7.853040449051395	-18.213836785494664	
1.2690453596764482	2.405569194955807	3.816682700991986	-18.31078269824387	-0.5497527257789372	2.5857329382707834	11.262958100052456	-7.103448346900938	8.389347876894064	-19.057859500142072	
2.218224567413991	2.090833064842453	3.9315691444220726	-19.304161329540108	-0.6319875482892525	1.589119957236171	12.021300975254869	-7.755304223325888	9.06625365825626	-18.321789827381107	
2.7490685933395653	1.2433635254847673	3.8902099865172546	-18.305016985585038	-1.3385812329275937	2.296739462923523	12.479495715994911	-6.866452391152401	9.669742804897934	-19.119161039481032	
3.6890337379253535	0.902093065345279	4.889394418565483	-18.26463789752625	-0.7194064332639903	1.5114862760713228	12.944032696557892	-5.980898669637196	10.547764145404896	-19.597782524178864	
2.8760521519354727	1.484382461471791	4.5991964479404235	-17.30767126391508	-1.1675899246565988	2.4054278614353395	12.86720817678461	-6.977943299110524	10.620732440101666	-20.59511678508092	
2.7227284426511065	2.472558478268031	5.224439926833071	-18.08810101226032	-2.1100403383009967	2.07108190614127	12.140866551964006	-6.2906094325995205	10.65042072443268	-19.595557579343968	
3.009762909690303	1.5146382233764644	5.031349979014862	-17.10691995249023	-2.5535196472553165	1.1747972959144743	13.136415630510292	-6.384853966688449	10.78671557702149	-20.586225895763643	
3.5673927853811658	2.344727930418416	4.544784548324235	-16.23327581346288	-2.145550259994987	2.0877929032743516	13.590604793545692	-5.493948694405698	11.726613696963133	-20.927680906167886	
4.232975421018285	3.091052092655138	3.5756829684822287	-15.98661384244236	-1.4781368264458363	2.832480293202591	13.088556267793342	-6.3587881464370515	12.257296013947192	-20.080110095886862	
5.1645572989381385	3.4545836658799662	3.858247375887864	-16.94586217090976	-1.735254536467309	3.79886038570932	12.187618773406108	-5.924839265568288	12.677889749646766	-20.98735918488628	
5.177301724673614	2.454664879371445	3.1822409372677134	-16.208966455802052	-0.7623910873722923	4.030240396546358	12.834837657210992	-5.162535050411136	13.457975276835999	-20.361686290899414	
4.398312327855011	3.081701975279007	3.844589978999202	-16.958161855492534	-1.0274494264061846	3.066008019518603	11.840814640336601	-5.053364349561802	13.54905115898488	-21.35753024639184	
4.5181292352601385	4.074497980861157	3.055044805813652	-16.344469408496973	-0.055704960974735984	2.8299726537291767	12.796768538772149	-4.75984749473762	12.816440081978131	-20.676882753303815	
4.62503728822074	5.068766892279076	2.248121173087406	-15.753813628073317	-0.6613559778710947	2.0342422686536747	13.789475034753648	-4.880403758930459	12.386240766003432	-21.579616683393354	
3.7337229921497235	5.522152848854077	1.2925871432267328	-15.458932774543925	0.28920511431448204	1.7237046541478576	12.891741809630243	-5.32094326511524	12.822570021917912	-20.679829608339976	
2.920082326157936	4.940784749759845	1.3518639437837352	-16.457174358989157	1.206250526256974	2.122487442687214	13.473050373010162	-4.507260062547327	13.268796402463762	-21.574749726174495	
3.7666757779718303	5.4730248528579075	1.38647016758275	-15.457773333737345	1.0006157566931764	1.1438586358628675	12.528479667386593	-4.178952002826287	14.200276321269769	-21.21095698179776	
2.8225071091234604	5.1435623743188525	1.0584349787716612	-14.513107829496995	0.09209967999335034	1.5617085352022784	12.0667410505025	-5.065968039703844	13.200370949583837	-21.224713713735934	
3.420898881045127	5.944766023397193	0.3620879591942433	-15.23081308120249	-0.896886429706868	1.7097168958446005	11.956171380070831	-6.059836415285154	12.647649187888655	-22.05807957225701	
2.6004149962574408	5.373096368085922	0.3759593986680886	-16.230716868157476	-0.1613157362135832	1.032268923765705	12.61341647315618	-5.3061595033293525	11.650168475310712	-21.98714137355561	
2.5251629956250294	4.375931819778663	1.170429902671323	-16.838019608369347	0.836820378535761	1.0932959377274252	11.635587670326458	-5.096753599982305	11.54606004029991	-22.981707325998986	
1.6071710481246315	3.979332797686542	0.43733062013976753	-16.157897970754632	1.3406280466755045	0.22948008146893184	12.589343084287252	-5.397337382546293	12.530982352814503	-22.80871010546956	
1.2941657599287872	4.929084180713404	-0.39399537268850904	-16.71368308538805	0.8235845166918789	1.085439185691833	13.022202799043384	-6.298798678077743	11.573567801004687	-23.09742688015162	
0.3238775371654231	5.171036169270457	0.5307590363396962	-17.094247512237033	1.819324313914624	1.1776468655607395	12.395470573807915	-5.519563977970391	12.522016015075975	-22.780494734061982	
-0.31530006067152294	4.401977004821199	1.4880605103108535	-16.80515602510424	2.379000592514103	0.3489355387568648	13.131886768501188	-4.843035199429908	12.673150052792387	-23.76900801300341	
-1.0642761005240464	5.064574085803927	1.7555984737302022	-17.768703345234094	2.6747219590741476	-0.6063387011134772	13.134838216696211	-3.843039554962617	11.921237228852215	-23.10974546652112	
-0.11461631970336073	4.751290985890115	0.7899304671165986	-17.508924013872054	1.6923477294828393	-0.4194139220313995	13.16006113223964	-4.8427214066191775	11.310259894233559	-22.318097377669588	
-0.4856789473088675	5.679898829058854	0.9493003919468015	-18.496142949599896	2.205319457485147	-1.277819424268149	13.968140579555097	-4.253647890980979	10.711753147021428	-23.11921514275881	
-1.234010066678805	6.343224190991093	1.9492380216886314	-18.484974394353532	3.2022713934198315	-1.1998012376955016	14.233248546295934	-3.2894291575130277	10.557834134842121	-24.107298609723898	
-1.9722971859817875	5.668737623688746	2.7313708080761048	-17.861862603052995	2.489467281464123	-1.9011644089406377	15.232430274431435	-3.248983216305608	11.54857896635708	-24.24303614626555	
-2.2329017921274485	6.634183240622018	3.1422913833678106	-16.950191455762518	2.9889358045524355	-2.767496443696354	14.479792399273567	-2.5905485355073905	12.548445264557108	-24.226684212931055	
-3.061131457780112	7.194572052905844	2.5788487718265136	-16.124036250308045	3.6615236123681374	-2.027479119049377	15.406259623973872	-2.966923988421253	13.063484497056326	-25.08385081808236	
-3.6871675309836736	6.414777955051888	1.8433247894441265	-16.801534937642828	3.5710869843480326	-1.0315769068255296	14.494291472095838	-3.3771849906627076	12.568897264510408	-24.21472282439986	
-4.5977834758615845	6.0015242788019245	1.2406198436866989	-17.59949906488135	3.468328960306903	-2.0262832898829437	14.59645783694698	-2.3824176641520793	11.892644365952814	-23.47805328030804	
-5.21625196394862	6.787333879941626	0.32850666680757856	-17.189560590761783	4.450391126590548	-1.8377258674507462	15.586955390980586	-2.244887320396803	12.86249848812936	-23.72173951647488	
-4.6170219543870274	5.986756965684904	0.023774339122465515	-18.141998624685048	3.4696011458998255	-1.6426591768634176	16.579909565541037	-2.363386296016727	12.88636668112029	-24.721454630576567	
-4.9914977899521284	6.913993639128001	-0.577461649789166	-18.941070139405383	2.731332134422304	-2.3171655642994473	15.7248436932062	-1.8448669097173673	12.925713543782923	-25.720680242937764	
-5.1627748862182266	5.928770742370798	-1.5646301716291786	-18.781388238464153	1.953146769441989	-1.6891309014579332	14.740278176846562	-2.019883320363572	13.742823325845919	-25.144198149497765	
-4.209860460789052	6.232010083171073	-0.852257580228023	-19.483189699719688	2.9342831077519755	-1.495813841559765	14.767744397412269	-1.0202605881651512	12.76547494525716	-25.35583496803493	
-3.2671028332458825	6.56548880169622	-0.5516047863079154	-20.436923361445032	1.9660953786082258	-1.2455889004857998	14.050171075925038	-1.7167435587321156	11.94924529916138	-25.933562555081245	
-3.88827750520948	5.78181665920874	-1.4467528379240027	-19.991154401457997	1.0240003012522392	-1.580934789414854	14.96339056289474	-2.1242115557807124	10.95019264969838	-25.89004470126282	
-2.890338078964686	5.845979744750289	-2.2627842591660485	-20.569161944268373	0.07396421534696629	-1.8930748789224163	13.989909246752962	-2.352978089877974	10.97661174968706	-26.88969565592439	
-3.0116439027266844	6.8385949255335685	-1.754757175707803	-21.43050303958016	1.0176401902830177	-2.2239459328520295	13.298679542669039	-1.6303429840382075	10.459257416758787	-26.0339243697735	
-3.3993105863919504	5.916795303936784	-2.7413685712573685	-21.267414247286702	0.48372715435414193	-1.3784065369246656	14.18648132986127	-2.0905690009671503	9.882222968865223	-26.850644178486483	
-2.832071709815315	6.740348615447385	-3.234184830095746	-20.397280846580497	1.210021229594361	-2.0657906480815607	15.101459903326345	-1.6870665721023221	10.034984306312857	-27.838907288078868	
-2.639818715535173	7.721694011416775	-2.246057533561746	-20.24364346231349	1.1960528390881953	-3.0656930853556514	14.110318093477149	-1.5542587682319986	9.3464227263697	-27.11372941291569	
-3.582010594527344	7.386620193935908	-2.268728255564925	-19.24390047615962	1.3347185513019635	-2.0753538403207754	14.906326568101909	-2.159544244949855	9.822911263849615	-26.234548729750816	
