0	0	0	0	0	0	0	0	0	0	
0.9015683432311026	-0.43263670958845457	-0.33115850225885185	0.9435751408243405	0.8501195049814464	-0.5265898092919198	0.689902466471656	0.7239023323324256	0.26563636314236355	0.964073297304981	
1.6598696233332495	-1.0845409729549749	-1.2786146228373947	0.6236893806250816	1.8125342833538323	-0.2550059467918973	-0.27820569362840364	0.9744349456738375	-0.15223555065230426	1.8725792486677566	
1.1120005322454514	-0.24797689350222318	-2.2730454340733544	0.7290808492769177	2.376384046310284	-1.0808833255921362	0.7217054536241324	0.987765272005825	0.8369672860047264	2.0191321331486973	
0.19144534037855665	0.14263562386877038	-2.007634826034349	1.6932163216771223	2.585481035236847	-2.0587782326357535	-0.01020733237878324	0.30636694966752465	0.2627451669696028	1.2004325801924174	
-0.36141089183400366	-0.6906410327727868	-2.234474369372952	2.667148465914047	2.3535676835479724	-3.031514680656713	0.6240407940241838	1.0794965081209096	-0.647289178664068	1.614965437475283	
-1.2799432853702344	-0.29529530809044874	-3.2018515773464684	2.413808106923688	1.4317283758575323	-3.4190869846166447	0.9727003810080286	0.14224707899104616	-1.6122469245760582	1.8773707510732562	
-1.3657797486675045	-1.2916045480198075	-3.556489687888363	3.3488117489226243	1.0718943379418384	-4.35210331092465	0.8477021170410117	1.134404039358322	-2.026362147972519	0.9671462832900068	
-2.3468394735659217	-1.4853100362803149	-2.6034517367663748	3.65166264246795	1.2737548759204396	-5.331517586503166	-0.13632562055370545	1.3124192399570977	-3.0257625802304053	1.0017696280554889	
-2.0513417271370655	-0.5299665996799123	-1.8586770976497053	4.318978712204499	0.5283061997147712	-4.664954557868051	0.06438082310265067	0.3327678103787921	-2.986950966021422	2.0010161735098593	
-2.048164040870901	0.4700283514623391	-2.702378905030522	4.855790839696365	1.5275451433163996	-4.7039613981643615	0.30973165662036817	-0.6366665445376	-3.972932866907141	1.8341638701820808	
-2.738590536324831	-0.25337420201338967	-2.601569827960879	5.850696629196238	0.8094926122796463	-5.3999503080413165	1.1794906355698676	-0.14318977858329046	-4.643785566224741	1.0925732446896261	
-2.77415832894635	-1.2527414679011777	-1.9626389870798762	6.619960810457198	0.17264944332640375	-4.628956937020792	0.7564993377258433	0.7629439653796126	-5.643236377880295	1.125710460641699	
-2.2702517743806396	-2.1164996425459766	-1.362982333436024	5.819703415776801	-0.4806015027100834	-3.8718154697226166	1.3865043521366651	-0.013647099349579528	-5.927855529777426	2.084351132829854	
-3.24001145627957	-1.8724378483968616	-0.47656361131920555	5.356819143975753	0.4522510433225684	-3.511557052249271	1.909853134374289	0.8384714675942443	-6.684871457696349	2.737747555284899	
-4.182676908888035	-2.2061770346763256	0.1196838365020707	6.159619854592413	0.26352002858935075	-2.5295282318586625	2.906204933591205	0.7531304329320472	-7.1039682797725705	1.8298060077579608	
-4.770322181609906	-1.3970583576902866	-0.2400041005847121	7.092692514096621	-0.3092871454266066	-1.7098380822314678	2.380156185921719	1.603584849744239	-7.480450500533036	0.903382164449042	
-4.429312573866325	-2.3371181682484066	-0.05261706683738962	6.110406354373611	-0.3334742609656449	-2.7095455311593533	1.4162134359420915	1.869694554117668	-8.458366606328338	0.6943843414313099	
-3.907815028074709	-1.4838653863992515	0.5529891743491585	6.906170817412707	0.6580332991866947	-2.579496470567765	1.894491555287492	2.7479029807200472	-7.873402416997892	-0.11667477922573155	
-4.8834675670138195	-1.2645434238381161	1.54236140387574	6.7607658950696115	0.3175780680684622	-3.519757198028096	1.1202831056251856	3.3808336850404244	-8.817469971957836	0.21307732716928918	
-4.148343205934265	-1.9424757019805399	1.9796001626074202	7.660111361429886	-0.6795529348261762	-3.5954523964645397	1.5229480866809944	2.4654862575401744	-9.564712330623845	-0.4514742941629136	
-3.221449251606708	-2.3177990258374845	2.0423542006546094	8.658140384409064	-1.6657241311950295	-3.7611822110798476	1.7809635783780917	3.4316270371599487	-9.803149038503921	-1.4226323329677781	
-3.2967317440436563	-1.3206367790930138	3.039644850747657	8.584578442910848	-2.3740972146304102	-3.055344003935851	0.9636349050510615	2.855455326853484	-9.313213766406706	-0.5508735193300683	
-2.355082839204722	-1.6572334814173773	3.7291709559545003	9.308839273163514	-3.1819949400859295	-2.466021286569722	1.8277683155996394	3.3587181297444615	-9.82534590583143	0.3080331529971727	
-1.9669297489510482	-0.7356385712065389	3.243336832238035	10.182890303843447	-2.412386151453341	-3.104536996994673	2.3506785537879487	2.5063303759622726	-10.250630172921658	1.2130929809453184	
-1.8933574175607184	0.2616513124550731	3.9426022373458354	9.468028154041527	-2.799421947373187	-4.0266016870661945	3.220976935570474	2.998855224743243	-9.258802774192468	1.3406798577394683	
-2.70606302014742	0.844325838690935	2.955439609353185	9.308309821046707	-3.589044543716234	-4.640194512435319	2.9206237319139583	3.9526832768853826	-10.059451774234756	0.7415461675406252	
-2.9900265579408147	-0.11450924056089296	3.148540136898742	8.327130843356283	-4.181152846632634	-3.8343361144413164	3.245126066149846	3.006798381628322	-9.401496525624065	1.4946031978017098	
-2.1909435874294214	-0.7157300038739108	3.7376963517936748	9.135149998111093	-3.7860674672649584	-2.915691709347648	2.384937833082601	3.5167750513816074	-9.423872213215082	2.4943528307622973	
-2.2795562146395167	0.28033615974119996	4.444397909722051	8.427638225755603	-4.74616176992342	-2.636015235537707	2.3091597680767553	4.513899760163799	-9.062754043425853	1.5618327680032822	
-3.245947185084021	0.5374129814177744	3.4483392176450915	8.338941653454656	-4.452035902805418	-1.6802485410499344	2.400633296487655	3.518092251857068	-9.35704732998963	2.5175479250890587	
-3.9519578026912514	-0.1707882666931405	4.263849335097108	8.917684470544767	-5.264048232606985	-1.096608261211204	2.849582369469822	2.6245349062611334	-8.37932006180484	2.7274273882289988	
-4.302267735324237	0.7658455737689011	4.983069075297354	9.612467145419645	-5.901052910702107	-1.8674681966631193	2.4514925719771448	3.541881358334852	-9.378967313571188	2.7539862292426536	
-4.910888750492444	1.5593066376501863	5.237611196218884	8.645405457275208	-5.489338532873461	-0.9561552585956457	3.382430257651461	3.9070594318706933	-9.935465249124778	3.584835221373349	
-4.372018663977389	2.4016955204467587	5.421811579435244	9.628294168586384	-4.924929506556584	-1.7816505347856637	3.7609889844122573	4.832636706004649	-10.931752416143354	3.6709275022938863	
-5.228839455603236	1.8860811965207671	5.0551235161469075	8.697950219155933	-5.774785451178257	-2.308665594713939	4.694212107286886	5.191934079961272	-9.997188367098099	4.026722440751615	
-6.10376484062585	2.3703389488005118	4.15051998780029	8.27169623793951	-5.731498627335031	-3.3077282808761064	3.6951981560022285	5.147536724875466	-9.180967557168865	4.6044625115779905	
-5.205466406431259	1.93095310114091	4.9876514075413505	8.81869805336823	-6.50600094404703	-2.6751572086575406	3.451203077264413	6.117313194765165	-10.166059610306553	4.776490552446262	
-5.160629688492051	2.929947429815723	4.705376709799693	9.778031673656217	-5.544118948858812	-2.9486220644118646	2.4869582530557586	6.382326249135739	-9.47902521276264	5.503115446453806	
-4.229622772524297	3.294948967374418	5.276573100938798	10.598845101147303	-5.912404034322239	-3.8783349748445404	1.8963078627079577	5.575398670983901	-8.482106893700674	5.424668871521141	
-5.22193209326205	3.1711660445741447	4.279956245769005	10.681032959079433	-5.38592050754661	-3.0281496444406955	0.8963101151305596	5.573276210117272	-8.573249474593457	4.42883101827986	
-4.376299083247494	2.637401290797988	3.8452770955427393	11.581618344458615	-5.5094702860119344	-2.0358112685622007	0.5762322656093162	4.625884965569457	-9.475189288383135	3.996969266904445	
-3.5417132752368925	2.0865233287525893	3.788402421204779	12.579999670114775	-6.48785657540821	-1.8290257063935929	-0.39827815742603767	4.401542737276486	-9.596760507667845	3.0043865556699463	
-2.751080990584997	2.698814591523931	3.4107533056222574	13.50594845136552	-7.1214594059432175	-1.0553672202784168	0.5405024854627775	4.057027273853923	-9.068569878562103	3.8535123763378145	
-3.1740530104583318	3.604957334365406	4.221530927492996	12.920594158758359	-7.908798311843852	-0.4388467848870251	0.501921528794661	5.056282751588508	-10.065556576885808	3.775939679042962	
-4.157051763385301	3.421345102354509	3.3706742304216264	13.44599198997657	-7.02587028314279	0.030661570878936062	1.4448315526898856	5.389330326024815	-9.066179862352996	3.811240988503162	
-3.9666490963073953	2.4396390239534327	2.3708024800086	13.429976911894007	-6.836919616710223	1.0126481520778283	0.631992774428652	5.971819056005735	-9.026960277823616	4.810471604622055	
-3.0070620769403464	2.1582269555159486	1.5545449425097002	14.007665091170884	-7.811864330106414	0.7902008418652303	0.4260348797403244	4.993258201681615	-8.285139986665937	5.48107033383852	
-2.072997197699429	1.801123607213738	2.4947097820835826	14.34838502664431	-6.874313807512589	0.4423517113732218	-0.17352448495780104	5.793588488627436	-7.500339682647062	6.100819059381284	
-2.9573692936254723	2.2679062075186085	2.520215480870675	13.348710349897228	-6.256136814744967	1.228390645277122	0.4428650166124315	6.581029903815893	-6.5008298444807	6.069512775528796	
-3.015332117086029	3.2662249497530116	3.5028309286755897	13.163057766464766	-7.11510719806038	0.7163653718901789	-0.46444382701384723	6.160565086884031	-6.907993949129638	5.156157755897641	
-2.205280221771126	3.852583139681943	2.6209518420921794	13.634533403848936	-7.564972273458504	1.6094619030317125	-0.003662571036420925	5.273051349446764	-5.9463083266085075	4.882003121728992	
-3.114721399547835	3.436750548169311	1.9275358643421923	14.355070898918436	-7.438248750985613	0.6175238259058958	0.9687021118300407	5.039584170781312	-5.349763673911605	5.6845830101754515	
-4.083127429348009	3.1873717971766404	1.5814928968420054	15.293289564605526	-6.453513546316448	0.4434647075432596	1.2953842173936274	5.984718447963418	-5.6680941129301186	6.632562826202291	
-4.1682323841736215	2.1909998050651946	0.7268417050708555	14.774086964068749	-6.82395925769527	1.3723188268327413	1.6562865365341557	6.917322070108963	-4.923084410559432	5.965509197643431	
-3.5481568437439934	1.4064576939195246	-0.0038755645750391254	15.456767176057678	-6.384253233117165	2.2704605817632864	2.615011368073635	6.6329865334808495	-4.592475988810416	6.909277215468058	
-4.5397534339877845	1.2770892193328351	0.5676485636429971	14.636181914878431	-5.649909530706313	1.5916827633797432	1.658049181447017	6.92319916822786	-5.5878069366853556	7.00579821941215	
-4.634111427154471	2.2726275506519036	-0.42396959800456646	14.765384939187873	-4.814898754431131	2.141916353325249	1.3767108694240564	5.963590521857856	-6.581563646856139	6.894229402126405	
-4.969772293944847	1.330644651388051	0.5559723684847431	14.964668010001892	-5.134142557322303	3.08958897312366	1.2200590008694239	4.975936639124466	-6.9595164885161855	7.820054250292134	
-5.814744127497256	0.7958338432483141	-0.06536825078959285	14.181127433618139	-5.790424798721513	2.335073486454215	0.5825671586979626	5.746393744461835	-7.87730728508793	8.217118544491704	
-6.7028951259309295	1.2553855856900866	-0.9622914850510462	14.62331371997489	-6.390857041877619	1.5353978513505027	-0.29058541404503846	6.23384075154289	-8.39401911578106	9.07327792452661	
-7.653447583209905	1.565949630551854	-0.4150018400811101	15.460256994342204	-7.3573518035612935	1.7920841884197305	0.535056711145204	6.798034938956532	-8.59787958074651	8.094277970071008	
-8.076119378715102	2.472232452459239	-1.2546669748030248	14.917152527842038	-8.329477017885091	1.5576218936346007	1.5260786118625451	6.931734573580523	-9.507315538787415	8.510121977148446	
-9.015110253253965	2.81617450794641	-0.7825352844103342	15.798680557417356	-8.199233044758692	0.5661399182743576	1.095504615653066	7.8342898537646235	-8.927282601155504	9.324714999007886	
-9.055968266022221	3.815339470699122	-0.7424554275408869	14.799484077703118	-7.330975825423547	1.0622542207011287	1.4597315053739264	6.902979608570108	-9.893885628447983	9.06843665885988	
-10.054635431287707	3.866952385949086	-1.7243125090892595	14.989106522084876	-7.4761271657561466	2.0516636851796375	0.577036133678187	6.433033993858235	-8.975260460303653	9.463566764586846	
-9.098868666031535	4.161078023103949	-0.7295446942706105	15.091268132296003	-6.751963306634309	2.7412916320769245	1.5446583931386884	6.180631214561821	-9.807376820419966	10.01816784935569	
-8.177229233003045	4.549125385531429	-0.044270217725002836	14.362983234886244	-5.775780582663275	2.958241601932863	1.9769618935222517	7.082359379562847	-10.041156316578508	9.0458782077489	
-7.569589343197421	5.34333805498276	-0.8947519460501852	13.83697864385589	-5.361249686093535	3.868276840695125	1.8788419508574858	8.077533975727492	-9.180476527478842	9.555024847367934	
-8.21393712155187	6.108070649115955	-1.7467751172026222	13.313474569545722	-6.0050717655359165	3.103101612383016	2.3623441170396053	8.952877140033468	-10.142005032774433	9.280319671763204	
-8.049183320217262	7.094405371685224	-1.62193702418769	12.321297442953703	-5.715487257878242	4.060254062583433	1.9547977744048133	9.866061666076812	-9.665537575024523	10.15951177915802	
-7.243590487302224	7.6868749384613775	-2.621469908502641	12.290735813857154	-4.8126010794122625	3.630374371582452	2.2776246687184454	10.812519692778373	-8.907799294622796	10.812070357688588	
-7.549915933455912	8.638801784935803	-2.4508137636126994	13.276066458976498	-4.463096085842514	4.567308872745586	1.360971625267017	10.412835820285082	-9.199917187195272	9.855688040391255	
-8.514941684563507	8.90095689112148	-2.0119920278604755	12.377492319446873	-5.462707121213958	4.595197543628735	2.3328112818465083	10.648478944308373	-8.756293240019989	8.959475011311326	
-7.861078086347562	9.657569338103485	-2.0811522225093566	13.375097886530442	-6.429407066517557	4.3392850278151895	3.3316809547059765	10.600946043685548	-8.690126241136575	9.957283574242494	
-8.57202187897142	10.36081817296182	-3.078716714376313	13.30534772834982	-6.291257754627918	5.32969644113009	4.301192794380788	10.355901572761674	-7.691541180057347	10.010461349575744	
-9.443081485562896	9.869640850842096	-3.8282394458675006	12.64336912221667	-5.560426043979311	6.012254138845405	3.3286867494769847	10.123023938314823	-7.205868803074671	9.136320432883247	
-8.470679716718776	9.636328185200414	-2.8978110034784104	12.27689550298411	-5.171419760853992	5.091019037642122	4.21074937238326	10.59415611644714	-8.154871383208292	8.821052129846402	
-8.796264474352697	10.581841043704443	-3.2473666060949107	11.339979882087853	-4.457082856447295	4.3912170749393455	4.080146894174793	11.585590931594261	-7.157693807732707	8.896131307842923	
-7.968879423178568	11.143476136174264	-4.0936507166465566	11.872711713526344	-4.854765254503176	5.308740213762843	3.530013938672476	10.750513850559052	-6.3910473206110066	9.53820074628705	
-7.248422385926921	11.836975708974839	-3.640475503666059	10.981290249604772	-5.674821411089499	4.736457154390239	2.5300145010178303	10.74945333634753	-6.806586544631045	8.628625486453744	
-6.306825338199907	12.173717449351303	-2.712265087232722	11.353345921278583	-6.661414644514367	4.573258527679524	2.880514943201999	11.6860159023455	-7.745045181581353	8.283233843918245	
-7.220584197826215	12.579974444927293	-1.7131995397291622	11.396566654629748	-6.041156595755419	3.7888606994381764	3.794700772013618	11.280720614438014	-7.378620731852344	7.352786036332675	
-7.610055912478365	11.658936018212145	-2.0796268397670006	12.327013339715455	-6.487107178923056	4.683918282710026	2.7947149077633435	11.286037690667609	-8.281385330611197	7.782920991001285	
-7.929495913930623	12.606542521710397	-1.701477428985698	13.252757917407246	-5.515792271070745	4.446121416069913	3.675012614501681	11.760459388644446	-7.706525849702189	8.601173138697229	
-7.444648212773615	13.481141119172548	-2.1445603353039675	14.149238557537615	-5.2291344085788225	5.404154437354442	4.67336744505051	11.703121510066504	-6.914470592145409	7.990723739502944	
-6.78644818107993	12.728298029094388	-1.145242015479893	14.1861559743485	-5.6987551300023185	6.287022704996718	3.6918353793112595	11.894419194123682	-5.938955531568036	8.21065638052452	
-6.844951699210965	11.730010826749146	-1.8822753330931916	13.510299563024368	-6.150423040108499	7.179208839713189	3.7198311925005143	12.894027234529457	-5.84207380532155	9.205952281811921	
-6.925900746698319	12.726729067633142	-2.873426412302116	13.37756095453767	-5.216362279177448	6.822094719453422	3.101958411466689	13.680305319215483	-5.993813972718457	10.194372699244887	
-7.27370811082945	11.789163049980969	-1.9895957246289186	13.845367875742479	-4.650089641167664	7.646312712123711	3.3758134711234535	14.64207629314867	-6.96515636932561	10.432057256070676	
-7.06033439539473	12.76613370335884	-2.910754337848972	13.456180505327524	-3.853049152900759	8.25023858511083	2.655961857111595	15.336204274002721	-6.3399784936885055	11.212539558121067	
-6.197280006643009	13.27124470309691	-3.2978521280069444	12.53414183973111	-2.871562842185184	8.441770884940206	1.7993287696335107	15.852130386384877	-5.691798740955959	10.451052192403438	
-5.9246891890964655	12.309114646301413	-2.3048234872183024	12.65201515551319	-3.143913833113502	9.403968857158171	1.8521053016670197	16.85073673408477	-5.519770043558998	9.465960253916524	
-5.890816137925314	11.309688502754849	-3.1509698497301395	13.184965747226894	-3.0853250774724112	8.405686653714461	2.2344593590092385	15.926720838748578	-4.793216948052847	10.153070579417772	
-5.352343404770107	12.15233143760232	-3.698959498318517	12.348480633767014	-2.820845385469222	7.44129539881949	1.6366854863452036	16.728385604819934	-5.752940792946663	9.872125493071291	
-4.428054972461511	11.770636672245868	-2.791503433571562	12.768627620610868	-2.014639340999111	8.032930264137498	2.1528852605972375	15.871917395799803	-6.3147930825853	10.699363067549035	
-4.6492377180066615	12.745869051257715	-2.0156545899755365	13.399546452070757	-1.103584006251641	7.620646166665651	2.4684491744740718	16.820821719880335	-5.568780650651623	11.36529508465018	
-5.593081501536154	13.07626110971665	-2.8329254447950145	12.823292732028413	-1.4923129809602524	6.699294016713206	1.7697894240011856	17.536275808602433	-6.4834612238610765	11.769472581541367	
-4.6454547218882905	13.395640956441863	-3.8267314732393403	12.712164077633087	-2.2404937840845567	6.035799114067925	2.4957139765862424	16.848501467736053	-6.890221689484619	10.855937730752565	
-3.6617023913522493	13.575171879028774	-3.456848419906544	13.641242398797244	-3.0033595135730415	5.3892421724363295	2.7353413634477786	17.8193663993645	-5.934371112459357	10.562084579671156	
-4.0434569935092854	14.4994355988252	-3.01479926616088	14.538233226884545	-4.003342814347661	5.395021287584507	3.4175228973693246	18.550549245700797	-5.4032232349585065	11.409363714446904	
-3.0441475960672557	14.462277447847958	-2.6185824621078355	15.456390209206191	-4.949889561098045	5.7175879569976145	3.1097756849089513	17.599081088996186	-4.413291188207611	11.267820283601164	
-2.532852879540076	13.602872006364493	-2.676305024809194	14.458057546335148	-4.078123337709652	6.207510044435136	2.859356655788125	16.630943542025623	-4.0374419636225785	10.341139453768784	
-2.5495617983902474	14.602732402635322	-1.6812788996275185	14.358443239099989	-5.056436300965316	6.00037785011006	3.506611573952405	17.393217161477427	-5.023250114016832	10.509015272802555	
-3.534726875219781	14.77434175959309	-1.464801912153852	13.382155518243925	-6.054638388039101	6.060316096343503	4.4509498356926285	17.72219322050521	-4.0943652370885735	10.87938385329228	
-3.7054136329937433	15.759667102168127	-0.6052689512348863	13.893235833941835	-5.6600448304106115	6.979171865372622	4.647935598039249	16.741786871365875	-3.0962895274727367	10.941390932523957	
-4.688764555884134	15.57795039283567	-1.5053047465967928	14.329051812386018	-6.653624563930099	6.86603781594742	4.205302971057225	15.845083822675289	-4.072659396850741	10.725284759148975	
-5.633020493106185	15.907162672407539	-2.4998214588334666	14.433629578101094	-5.656726896789198	6.944746400288845	4.371351089152914	16.831201474112927	-3.9817813825212283	9.729422727283353	
-5.549562303569588	16.903673952122563	-3.4721846387084	14.200156139732812	-6.0862320041814115	6.041681971400184	4.116818580975156	17.798265692394597	-3.9220702293173773	10.727638424506686	
-4.585063686206512	17.167761848673532	-3.2311438366274277	13.229641156988	-5.195888634311852	5.586392301267733	4.907537693726424	18.410444820370916	-3.035524912677682	11.190280188233462	
-3.6160920090577453	16.920590068561992	-4.176993676342816	12.905036658081448	-6.06755569614428	5.096293807782573	4.035025541900186	18.89903723221902	-3.582014193859848	10.35281409008202	
-3.420036142871994	15.939997341006789	-4.7607174655557385	12.093084357815657	-6.7997592077861855	5.777379718324893	3.693096252421784	17.959311548310787	-3.733525302269085	11.341269644990081	
-3.837983320690005	15.031526011490023	-5.278205498455099	12.948774801729781	-7.798129026051556	5.8344560354518045	4.256004602159549	17.132792226216313	-2.805591137231938	10.968525516455758	
-4.831939485513252	14.92174831607851	-4.546122025721178	12.267559865788238	-7.737179970477473	6.832596913597083	3.3515581336890277	16.706205088961564	-1.8057622513157146	10.987024134985885	
-5.026374835730464	13.940832981003199	-3.7867086211751886	12.918168258752754	-7.069807635263119	6.087872692028763	4.309208042855863	16.418269937455616	-1.012936941798488	10.377575180118528	
-4.287199648453519	14.614346189867058	-2.833400218643767	12.616169765936997	-6.359578130290463	6.791842897553326	4.825225937126446	15.561692134338728	-0.0983838927220485	9.973109210690954	
-5.065536305169594	15.242193343887877	-1.9438072488751508	13.072923910021377	-5.633949471445912	6.10375638448723	3.8803233947358895	15.234340358134807	-0.0016567862457489146	10.968420150484505	
-5.592037813765209	16.092367538654187	-1.1886607787942522	13.728480016486994	-4.67876831380507	5.807734500012618	4.657087394053792	15.86413214068175	0.5190597604843786	10.114690522346034	
-4.952494353104549	16.861122481354517	-2.1707734362605313	13.540185757295369	-3.876390536129841	6.404550972550836	5.656327341345668	15.825151020429388	-0.2966056778952313	9.536166631194599	
-3.9850428133065803	16.608066127665186	-3.0990613239814455	13.912048094068862	-3.026674534404912	6.931791635258675	4.898141623583805	15.17311235793925	-0.6067236732170409	10.486864705757487	
-4.962802679685993	16.398338581315848	-3.283830209273324	12.929266094321209	-2.6347751623908424	6.011783547133914	5.887971571813192	15.31536802070249	-0.3906894879448305	11.463250505937811	
-5.147954682204065	15.415628687215078	-3.462828902580144	11.94541678279304	-2.8049964053707512	5.026377677231377	5.024396815111808	15.819588844933447	0.46812161447416745	11.975542893507512	
-5.510855159071828	16.347456591867623	-4.043151753932274	11.13103027246853	-3.385771495777921	4.212313616875839	5.005509981443495	14.819767217084767	-0.34649539241855687	11.395543641713909	
-4.633527264898324	16.827348002610808	-5.0300028125629614	10.969398010591478	-2.4082813788093693	4.001332406269759	4.349925225161695	15.57488881479664	0.26959738919638754	12.183217231751026	
-4.377596805238014	15.860652807723577	-4.2493298360923015	11.594337770735159	-1.5214885575876125	3.5391652371311912	3.5715034657008613	14.947147176542574	1.1095628511199	11.640577367038139	
-4.438912072143135	14.862534358818662	-5.123023638372136	11.1078615227458	-1.6345395733646466	2.5455760524920965	4.085471480781691	15.80495652568367	0.3408593479235894	11.000972079244393	
-3.66952449641654	15.50131660522001	-6.118859396613573	11.01669605446036	-2.538719119158283	2.1184234463097003	3.2411158376251037	16.34073964213064	1.0299929907919896	11.725606347180245	
-3.388187281522785	14.541707637194062	-5.2288147749477405	11.472569470491306	-2.713955196782936	1.1338970032424118	2.8554132134666963	15.418116487360871	2.020208262615784	11.865154602084878	
-3.1634981540302505	13.567277138909734	-6.093993358107165	11.974033346799711	-2.4806735396244566	2.106306211566456	2.755067155080485	16.413069083501185	2.9247190487936714	12.29160534682319	
-2.699982371774979	12.681188475400104	-5.556574056595533	11.130718165884089	-2.020885160907047	1.2182776946840215	3.5820677331223507	16.975270154220922	2.6945068674073154	11.318464888543227	
-3.4779946083509823	12.052939353046554	-5.4847716011896095	12.128137038473573	-2.037492149638489	2.2181397891376884	2.9656975367234337	17.762726680634387	2.749326407262015	12.316961166979015	
-2.5059112272351514	12.287575028420981	-5.000658724335987	11.253131482797205	-1.2487501516042832	2.8328641668363517	2.494539039153887	18.644775245152243	3.2376164161843524	13.189642590630637	
-2.9559758953089696	11.394579062835692	-5.983996968168883	11.434916790827407	-0.6559708388216253	3.6382291066846912	3.121971787836491	17.866104489389198	2.3093976449588074	13.561677417958052	
-2.3476899918962815	12.188297060432705	-6.893211240143682	11.018588305569267	-0.9992837753729215	4.577450181616746	2.326772466031353	18.472452606068593	2.7804675921060014	12.679581558714432	
-2.000958340902755	11.250332688934883	-7.864526409322545	11.256384104781608	-0.4011922849627503	5.378878013114343	3.296849963674811	18.71524809318853	2.8913685856195555	13.673413018086546	
-2.9815207045439944	11.054125015766104	-7.528409797816242	12.1982044822791	0.5160542880377299	4.980558136232866	2.4744881705126054	18.146283172348028	3.796153278203113	14.099282317363304	
-2.972105347000481	10.054169341227313	-8.276508963484588	11.53461753369864	0.8913490299801872	4.053652608862172	1.964818873635795	17.28591278244546	4.591336470139063	13.49291304764183	
-2.088154304609037	9.58658987776139	-7.583533356583998	10.813656502684648	0.844340426483819	5.05254709337859	2.1339771595976242	16.30032388524214	5.5849330990569985	13.379927477753842	
-2.721139091495281	8.812425644816871	-8.496838355217609	10.406380208909944	1.4784440455999412	4.279299008852132	1.169858070432303	16.565794000145928	6.3202042106209495	12.702154364905958	
-3.0061932970791103	7.853914246930038	-7.979132531159568	9.550821514408868	0.9996684989955742	5.157236350564905	1.6534492325174817	15.690499999279302	7.0585152310314205	12.027693960478501	
-3.963434674902265	7.564623831286469	-8.947403495237017	9.300918853109458	0.5892021242033372	4.245360616067645	2.3751193329277758	14.998262853372067	7.692488561424205	11.254339050782647	
-4.963402222122446	7.556567497973155	-8.158577127017198	9.915534961587856	-0.4040271981031993	4.361530807211923	2.1837492851541356	15.979780812869047	8.436706789568142	11.922275596345397	
-5.945774742507787	7.369633736464558	-8.786122711213007	9.136955139246986	-0.6255952413562476	3.386385893771354	2.329187416902633	16.969148161144453	9.345471531789364	12.339584406815046	
-5.829518113775907	8.36285294503631	-8.992880402046824	10.115347318938273	-0.17077291858906485	2.4958036939084414	2.9505081394490706	16.18559180724617	9.523784063951378	11.355610504278006	
-5.042503551214042	7.745918525251228	-9.53520655120769	10.95551536637661	-0.007446182472155116	3.4823757274008758	2.1533784479505336	15.58178367966635	10.252012458452295	10.670275983447036	
-4.893518422336845	8.734757961850237	-10.525408843226153	11.095155693221624	-0.9257130809039691	3.8783377246233575	2.0540776588548044	16.57684114196939	11.063832713535545	11.254183401996045	
-5.892548834064924	8.690732555067067	-10.458320632357758	10.09740864513655	-1.9093399574966785	3.6981207230822415	3.013370382865125	16.29442749204988	11.10934435121211	10.255219593424384	
-5.2609478259703675	7.915438954826526	-10.492029063272406	11.096840354502064	-1.8957454441437855	4.698028313415818	2.0487521452866124	16.030776860093642	12.072657648928043	9.986840215595807	
-4.814153649996691	7.020802176957427	-9.524014717844869	11.347735207072809	-2.6975445261406086	5.295622014946424	1.320971267603693	16.716586596156844	11.272734757638982	10.586943013449432	
-5.657792823696449	6.483891621464997	-9.804120460440668	10.387766054982569	-2.5192355605608268	6.279596563801154	0.6565365467985999	15.969240289690653	11.309598850758903	9.587622725134196	
-4.670779837882359	6.323251135178528	-8.814529669515728	10.53167597999315	-1.5805192715388414	6.62428733641451	0.5737145519859863	16.965804646456064	10.365793371224747	9.25712126250309	
-3.6792187580330693	6.452891502842737	-9.63446966728012	9.959226506182464	-1.2866109841004247	5.668453711469763	1.5699011642799685	16.878556531942117	9.548354068661096	8.68110651735827	
-4.531478663476191	6.9760100874620194	-10.54267078284944	10.377760535478345	-2.055318109885011	6.308054645465328	2.2647430130558055	17.597719104097937	8.782241512323615	9.323812944136508	
-5.168755767362756	6.205375353712007	-10.63639568529197	11.373358668593378	-3.036849582615442	6.116753918755699	2.9002719613068275	18.369796144253225	9.777980543411369	9.231596991241023	
-4.323585924242892	5.670877518093619	-10.81238534933815	10.3889666541251	-2.2605720789224426	6.747145255355566	2.0829778781676644	17.79357536914553	9.536257761742569	10.20194234049679	
-4.533037355515187	4.693058466357569	-11.164731713547207	9.453096983909926	-1.664023647278265	5.944568175753318	1.9882841242766292	18.789081819638955	9.727551860751333	11.183475104944531	
-3.8707969965037243	3.9437669964365725	-10.372602460627164	8.842743605391927	-0.9548484845492262	6.6496005073298505	2.5316452860904795	19.628580865399165	9.566851401020786	12.17047832795973	
-4.230675195565409	3.0107677028462083	-10.517644766339721	9.832169059660002	-0.621789807589509	5.706694405057815	1.6580886566271658	19.141858341654174	10.485889013679193	11.776308483198443	
-3.8059341393870074	2.1054528210528867	-11.51282124706337	9.734068232882166	-0.211235736160847	6.618530659235805	2.1509763011835155	20.011951307861633	9.510653019608622	11.555141677666546	
-3.3298917491636324	2.9848751557194655	-12.439019953365744	10.111103982438898	-0.009193496132644502	7.597907467846458	3.086291083441485	20.36576800912053	8.792947982082934	10.858794437340105	
-3.929933786680115	2.184906685582631	-13.438389043568625	10.146620479268778	-0.03632263551316013	6.598275530683347	3.2547599526274724	21.35147498389305	8.986330062809987	9.877670912571855	
-4.921651174281701	2.0564675049223404	-13.219844577226146	11.122447470200614	-0.42279366973828614	5.675973985794171	2.798330641560199	20.461715306227976	8.155576526622022	10.434311337003276	
-5.545943085242051	2.837658653047736	-12.2730515054371	10.800604528360553	-0.7027109669274567	6.635998103582005	3.1506660352087343	19.5258415057706	8.734542904834166	11.249662753816857	
-6.34876376841608	2.241438097659057	-11.806510235059578	9.916105097589382	0.2069704641791994	7.051304850336432	3.0143896294077837	18.535170651640946	7.73714151791912	11.321707693819208	
-7.225549244681682	2.722319817637786	-12.60741297376394	10.514899555760007	-0.7416204988910854	6.734800214064877	3.3145441806174962	17.581280068089512	8.488815103014472	10.662172386599117	
-7.742028952734169	1.8660203891841538	-11.680573348119147	10.139442090346654	-0.8724507040998248	7.726205003948928	2.5344735421047657	18.206971524743942	7.56219303888331	11.038166469352163	
-8.166994981796455	2.771229687712971	-11.59170238524891	9.143398942707698	-1.8545663067290379	7.914483900993333	2.668231876160069	19.1979855044994	7.710994146596195	10.049299324411338	
-7.63231733302246	1.9261735878583441	-10.866397121466807	9.83182633490674	-0.8670817313765664	7.756768291616996	3.531641890336644	18.693482632932145	7.844759647390613	9.058286311985558	
-6.769973935457944	2.4324974611616748	-10.008912616298153	10.34633612431377	-0.21002635492402966	7.002925979011227	4.445700186230773	18.287899803281874	8.842771706732105	8.995263066996458	
-7.6815067723037025	2.8437247551876483	-10.509775364907187	9.480809401990419	0.35511836436411937	7.827917764582889	4.68991507487589	19.257620942663735	7.947750755954985	9.44128716687226	
-6.95660002491911	2.1548777419863927	-10.114526632616615	10.399383535973461	-0.2655047195033535	7.04380872384249	3.8185029804699355	19.748172633847272	7.0338779074137845	9.03528665369624	
-6.246396734023605	1.4508810902889615	-10.24889290845965	11.390315271218666	0.04135368236909304	6.092053544607679	3.440870051804017	18.822217250911788	7.474574753823992	9.93294265103826	
-5.305385545022548	1.112505644704006	-9.260196046878054	11.240386901992892	0.5011329575878484	6.9800867748864315	3.6961893127549024	17.85536044921492	6.824857551786604	10.693118655248277	
-5.210207964936208	0.11704533497342307	-10.108519397570781	10.710908391881798	1.44906281226329	6.661607590927737	3.9325173445728265	16.88368711862636	6.901495200134663	11.690177665967141	
-4.483861336046919	0.8043739133849173	-10.906914790889784	10.108774855258075	2.014996671501012	5.8371569453653125	3.0316383034888776	16.44961690156964	6.9463234753174365	10.691182958401512	
-5.180630095128049	1.5216697354615154	-10.835789614727034	11.106242252878577	1.1214110916375661	6.286049818398633	2.7029240053514108	17.394046311425132	7.803148319129544	10.175575368245628	
-6.083989498435298	1.950554088704171	-11.624770035999115	11.720660591512223	1.9149290179432523	6.894596694679764	3.638806298820675	17.041733477752118	7.769921616816897	11.175023208932387	
-6.1549954180786	2.9480299828367604	-11.025396697929123	12.521130204683663	2.8753903042593527	6.616183121935867	4.246982138132747	16.247931141854156	8.769759973266185	11.157043749185535	
-5.961393135619333	1.9669498860930938	-11.92877758060356	12.092291096371051	3.5180915930370764	5.850066255261171	3.4170062523473113	16.805730414903774	7.996055707225165	10.523496822186495	
-6.951318169495449	1.8253574169947369	-12.49802846106482	11.270127222746043	2.9617377422549	6.681011736457046	3.424947003049862	15.805761943161649	7.697296249111332	9.56916837443513	
-7.872878768529801	2.2135919624790965	-12.095094487418626	10.354898173337268	2.1840577461093793	7.309672076859638	4.401476883330704	15.590379973352928	8.422228252099735	8.8803479398927	
-6.8766465751415815	2.3003180649909525	-13.086464486099302	10.485991749518082	1.3299409556033552	6.789590825346291	3.5375040599284593	15.086841533487258	7.6418032628880965	8.25509852068944	
-6.103040781088625	1.6666509004576355	-12.607788039163944	9.60800037191273	1.7612011041530753	5.887363202031159	3.3418754066807255	16.06751957954951	6.987017678945028	7.4992838350287725	
-5.234725037898112	1.1706390355516552	-11.905930243709799	10.320317460687278	2.2450744059287935	5.012225139878298	2.496333356645272	15.533610746861905	6.799793681300918	6.5169665875439495	
-5.205891283927359	2.170223256431494	-11.406714308231527	11.186795071341214	1.3634955457107445	5.484261910921239	2.089774367937509	14.619986213094931	7.1874821836283544	5.5951761421806285	
-5.1326796726668205	1.1729068272192624	-12.40287543237194	11.099256424154346	0.4361830093432941	5.109973973771554	2.265007155807286	15.604513241700742	6.843876635374328	6.534290207248898	
-5.244698537040927	2.1666129075188323	-11.412419056944788	10.961429836096356	0.5106534914370561	6.107197192161862	1.3226346112516068	15.26994787100668	7.48464858069286	5.766558929982755	
-6.191977679655845	2.487022373619235	-10.471525688440906	11.300132757703796	-0.42128730983346774	6.469807648336603	2.316710020404455	15.161255272741679	7.554507494474742	4.7690020483137365	
-7.0309260018238735	1.9428112815497605	-10.695242586331734	10.325478588473446	0.2831355063892059	5.7600270512610585	3.245413137818596	15.532079381592837	8.070910725347924	3.912656497064862	
-7.961558036597575	2.3087675847513314	-9.821899892501692	10.812584879885996	-0.5320396347403227	6.339241596386138	2.283346394252138	15.804893569133425	8.99004317540549	4.306605147590761	
-7.192765579615144	2.948265949164343	-9.456052917356038	9.8819098610009	0.3658682517876408	5.899058194483152	2.4770543910853906	14.823834339543872	9.173445557692425	3.3235672204630857	
-8.109148454567855	2.5479630307470478	-10.452744212283012	9.800629712029629	1.2082109722430152	5.360115951477615	2.700257284365536	15.798606347980394	10.145527497622172	3.0889255744101796	
-8.047634836114463	1.5498567865301456	-10.424641938556439	10.800234765143806	2.1045842488904403	4.916815885030115	2.207631913886131	14.928364861747964	10.107437712629281	4.088199895244651	
-8.994909460372188	1.2294339623783928	-11.074052806689943	10.039797046227859	2.904817986720434	4.317127662001983	2.900103542401008	14.20691975385551	11.035849327559866	4.459753220168522	
-8.541313147884168	2.1206412251951128	-10.644766461261836	9.1366286047791	3.4370323421488056	3.470518023575888	2.0188545862742666	13.734267368560008	11.313202068322834	5.420521380127661	
-9.537574801263085	2.20702824972256	-9.656917426133255	9.292045089733335	2.438813285932028	3.4108630505586626	2.514542847734865	14.60276788522662	12.221114558674737	5.001361613614932	
-10.512416963269526	2.429924546629009	-10.500226849532833	8.75461675366845	1.6205636209310095	2.836000035810174	2.7101403647259255	15.583452141930545	13.195920240204977	5.22441739869204	
-11.113058982895517	1.630406464119544	-10.473623810828741	9.754262830203395	2.2110428240036346	2.028947180825621	3.370066173374492	14.83212137117805	14.125728532247498	5.592461608059571	
-10.530631493735916	0.8175238035397753	-10.552776167027343	8.757400299807047	2.1707665450440725	1.0297585993490455	2.8968150972972015	15.713048961273676	13.460289679111717	6.338913972740223	
-11.483283845843012	1.121585468379027	-10.816993990845113	7.792937267038553	3.0177437332389974	1.561387833569116	3.3928268347045285	16.5813647772958	14.340540592962384	5.864405459997757	
-11.954940399547711	0.2398031282590819	-11.43943914855256	8.575600684892327	2.992159737698148	0.5617151575535285	3.4124642537102905	15.58155761000063	13.50592226140974	6.415234145376688	
-12.769505030741877	-0.3402696789018059	-10.790980051144459	9.336850183406888	2.2342334775241515	-0.09062507893250937	3.0536104026747735	16.514951371280926	14.50511121595115	6.45550116814277	
-13.565262054547066	-0.9458856950908651	-11.634712606659946	9.873613981332293	1.2708862651585706	-0.35888269471902284	2.6559263177156107	15.597428963614393	14.97563112040467	5.573111787249589	
-12.600026854494129	-1.2072685724542565	-12.314262656899807	9.139984831680371	1.069781985342148	-1.33845253329079	1.6577602086199785	15.536894521741303	14.745149575529021	4.600035090646626	
-12.29218855326721	-2.1587072621751044	-11.436011656974564	9.618184770126948	1.9761024396560063	-0.9158614376766947	1.9710332482798303	16.486557621278333	14.863107318314144	5.593053706241037	
-13.261435643831398	-2.404796834146074	-12.19555967736694	8.967733538505374	2.025204600113347	0.08293232373675219	2.9061576511432747	16.132238060472996	14.079340465388517	4.971998539403936	
-12.281592875105964	-2.205026594679637	-12.25403387263952	9.966022458852198	1.106973811058298	0.4789780509341836	2.0963835485088467	16.71897982880265	13.344622123839526	4.293626253272271	
-13.266859657470702	-2.3760510595045155	-13.18944420042475	9.61245843540987	1.8722478956787327	-0.1647265205956106	2.507945260359509	17.63036172314692	14.250322247596998	4.7175452146619445	
-14.265292632320088	-2.4320117129442806	-14.000696935854956	9.02776278872092	0.8778346356079386	-0.2702834635002585	2.413059842267364	16.63487352259732	14.354363912309958	5.712118154171036	
-13.268858651027122	-2.347635644508695	-13.473240138001323	8.178180934866925	1.796483918336789	-0.6653575012979458	1.5743498541106813	16.09029519419431	15.252270446930476	5.271931994591054	
-14.267183087656223	-2.405500307552616	-12.881355642432304	8.984203728530359	2.4543104379308547	-1.4185269842954704	0.6191757878132184	16.38633995951329	14.270716543378796	5.080746392563969	
-13.435567120701798	-2.9608514428773365	-13.221919982163687	9.92442494213029	2.9416320703890353	-0.5453044315986827	-0.026909413583907527	17.1496052558131	14.87230571990285	4.28194074493176	
-12.514202436862506	-3.3495507088577634	-12.645889704782794	9.106996584694306	3.3345531310272536	-1.4648766365434263	-0.32634191403289947	18.103722742119093	13.872417265165616	4.296876543644525	
-12.039970382186436	-2.469150823397916	-11.923978252476335	9.798982028926176	4.180751105303794	-1.997745277326762	-1.0905460874281083	17.458748338467796	14.778378729876254	3.8735163843718823	
-11.041982259206227	-2.532551977886143	-12.376202941014263	8.90707798079276	4.46271162819172	-2.957171284652375	-1.6102299445878943	16.60438969679117	15.442144803566297	3.1255761465065146	
-10.599852596612624	-1.6356008301334537	-12.662649920641806	9.86517407611006	3.86631068930671	-2.1544845960265584	-2.5269428838800763	17.003936173354646	14.504276347679037	2.778585138767633	
-9.615621307876097	-1.4587145099387198	-11.693619403799083	9.618233076218335	3.1037786875032056	-2.8014350935343204	-1.863660841010188	17.75230568877223	14.831658197572425	1.8336930156337892	
-10.490791356619914	-0.9748990639453692	-11.460427010821142	10.590663694749663	4.073132077639348	-3.0471056148256803	-0.9451655776472068	17.356873708300533	14.064737255961894	2.475434606400054	
-11.058775070607696	-1.797938856813639	-10.7689125248344	11.313026287683774	4.321876465716208	-4.015674780864053	-1.6104700551106204	16.610301573629588	14.916280161711963	2.9997195286195737	
-11.022047485598712	-0.7986135421640961	-11.713495984226604	11.641297651409973	3.499364782361937	-3.4469265670244646	-0.6106002744490138	16.626439160800874	14.734888874483927	2.0163085255706164	
-10.50406296986304	-1.6540035359435894	-12.41480956465299	10.928444747993339	3.786697024212382	-4.4047575452211385	0.23011329797893332	17.16791925197269	13.770693927531811	1.7511140605604938	
-9.50842460578778	-1.5607069766204331	-13.28908069338139	10.4430068081164	3.824191962092411	-3.405460727637207	-0.675998299928276	17.590957987950905	12.802657093788683	1.500305989485058	
-9.17941566896753	-0.616380169051989	-13.03532701464321	11.410275680006134	4.239043916576834	-2.4955718026246787	-1.5417326109900753	17.09045413916415	13.345498920240336	2.3401409443747876	
-10.16923096117892	-0.7587377726581288	-12.449319506462114	12.220581301580724	3.573615035147622	-3.2420330566492046	-1.603469408053927	18.088546603762644	12.37362535784268	2.5756441900264972	
-11.032942131732083	-1.2627248894197436	-13.138369441130685	12.945295167553523	2.7618108826108796	-2.6581032510012124	-1.8281543230834187	17.11411513415681	12.17477458457974	1.595614409880643	
-11.951092284679833	-0.866492259968275	-14.13765985048688	12.907629828463998	1.7646904295297512	-2.733937293800509	-2.8178857016283807	17.257054975780793	12.5071015386017	0.6524501635107511	
-11.275573595704413	-1.6038351251571443	-14.511586706777573	13.835088024904442	1.1257151764126814	-1.9647100023554014	-3.7187248153310932	16.822901902287917	13.380660216760093	1.1391690102941492	
-10.71146549198564	-2.4295360681860414	-13.849237052712436	14.58428288324224	1.4295835982715601	-2.9174240109629133	-3.152476762915507	15.998667018813823	12.38773328816378	1.2578960689972645	
-10.53339693930208	-3.4135541526464754	-14.830926638977164	14.393795203274783	0.8017912903476738	-3.6958049062266656	-2.1784408692032824	16.225060653353818	12.565146499268547	2.2420325191531845	
-10.751317451089276	-2.437587631426405	-13.953698373522567	14.873868708362826	-0.17003067353300316	-3.460088825911588	-2.7155630202687133	15.381556181027296	13.539357954308452	2.4676694861356143	
-9.833112655324976	-2.041481644302454	-14.898200387482019	15.202374333317012	0.8299679321877382	-3.458418928737145	-2.971282025645412	14.414805028822578	12.700706822678278	3.0123384492824328	
-9.721480542068383	-1.0477320423956826	-15.240958075404492	14.262950484689545	1.8015458176860317	-3.2216988146558423	-1.9996496028059503	14.178308866301666	12.094877360532804	2.216743915115357	
-9.0388352470602	-0.31698215275957	-15.005618963009404	13.291037164389277	2.798325273595087	-3.301890561598075	-1.068633163086096	13.813331621844746	11.113959990356431	2.022318832149527	
-8.121942485486215	-0.7161157942547858	-15.627354882671359	14.074264108641135	1.8641603062450693	-3.6587320022631693	-1.574432869715562	12.95068067460505	11.73092240116195	1.2353262123283222	
-7.144675006899119	-0.928125877260333	-14.861990211988331	13.430667246568095	1.4572502112058998	-2.745263790142346	-0.9326709832703551	13.717584632807306	12.31425159331546	0.4230903761443153	
-6.2135931372700215	-1.2929361732334381	-13.864948186351771	13.507525552004434	2.254864174343656	-3.348432063352801	-1.8795841848725674	14.039073961761547	11.806260607649202	1.2844527612539878	
-6.557993229002032	-2.231759147395757	-14.5497075155733	14.236294830338863	2.9779699152624	-4.039169413906797	-2.8672976334702143	14.195349818691989	12.29088302206718	0.4097293104172728	
-7.519951535269794	-2.5049554449593585	-14.440489772697772	13.242276981082032	1.9793063155786328	-4.090851274038377	-3.5515619209624365	14.924583927098036	12.192048699749556	-0.5853745920632754	
-6.5519094464287875	-2.2541676577121676	-15.216473005524243	13.873030516444441	2.8356677147315597	-3.5744743244745516	-2.6739849558230597	14.445148143851977	12.155115632058711	-1.5846923335804284	
-6.277721068316484	-3.215843659964561	-16.001729155746073	13.253859475019869	3.1790882213996516	-4.513656072380584	-2.398085849429897	15.406334745449946	12.705598300483047	-0.7498457418257372	
-7.126044040930973	-2.6863645441020774	-16.827509501096333	12.689867612283175	2.385494387219831	-5.122103955400791	-3.391893688757817	15.517447204203998	12.94646704297174	0.22071195810349198	
-6.719357347422231	-3.5999322390885666	-15.868238685584416	12.407379555000922	3.3726023372841683	-5.282159867255936	-3.8280657225791686	14.617583905190116	13.223701187329633	-0.740090430112809	
-5.786853917751777	-3.961093357777774	-14.942152312216667	12.78469113587616	2.464652065379083	-5.701237788110139	-2.8613756070914316	14.361634260497443	13.050944487898489	0.2448740985894471	
-4.896337251121142	-4.416043977574101	-14.047628359939864	13.231711156460348	1.9202215265417566	-6.540043718216322	-2.1013867143433087	13.711698199873414	14.01843002770961	0.4978004322448929	
-5.853576544199794	-4.705341291398965	-14.015870504142251	12.232215564376451	1.368942518485348	-7.37436467281134	-2.5767531815032365	14.591486084479635	13.873388648230534	1.487226022291364	
-6.5950259774342825	-4.034332544841772	-13.055252644549494	12.510088427087855	0.3936892590032296	-7.59545533265364	-2.6872961358387633	15.585357431911874	12.917388152987957	1.7805910732022503	
-6.891675182078777	-3.079346026934954	-12.060762449014142	12.614918055457212	0.24535571691137836	-8.584392722123006	-3.6809948402408317	15.697441707658522	12.318649343352396	2.5815354144870812	
-6.035537043880884	-2.562599001473707	-13.011863907594428	12.923796697461562	-0.21716349143129482	-9.471001983248822	-3.4784369970187345	16.67671200749877	13.31335330726016	2.6843168534057003	
-6.871599804500233	-3.1112328140532393	-12.339155366414893	13.663704271841025	-1.1344515663180539	-9.072777690079077	-2.597345254361173	17.149657396545607	12.630974173939087	3.4153152928075787	
-7.552472407865083	-2.3788309448672216	-11.340299916072237	13.71153511252744	-1.3486384400530032	-10.049570392303888	-2.045803804860358	17.983804883194423	13.598282012976169	3.6689203884531714	
-8.543161028565939	-2.2426837568175353	-12.082688819367336	13.041565921993799	-0.5210706339136382	-10.610936160980318	-2.587662346420288	18.824274585764687	14.487932522435482	4.125562448516393	
-9.543153146907484	-2.2466540533791823	-11.525222512028266	13.871765486063632	-0.5106064479681747	-9.610990912072909	-1.587771520867719	18.809498355670303	14.715277425949994	3.1517481464823875	
-9.665285133893521	-3.2391679211688684	-11.69698000457484	14.856904747160312	-1.2568998178147461	-8.94537375024259	-0.6803257361812969	18.389329166111093	15.267745399771817	3.9852822716993517	
-10.514795453628588	-3.766739922571165	-12.403069021298135	15.565027830008718	-2.217338856536257	-8.666883439998768	-1.6643521186813288	18.211306475018354	16.253236440040244	4.155009728378163	
-10.326458045735615	-2.784635538715683	-12.171815669214848	16.537921394151397	-1.2849148054445845	-8.305517435861972	-0.7827542754652765	18.68330779158093	15.90729658062106	5.093266416958125	
-11.178888859739647	-3.307475578628869	-12.606362900630373	15.6372723483688	-0.5746109375666727	-7.601622262361203	-1.5829811081492697	19.283005228837872	15.013174891934982	4.645442337858801	
-10.943021416308186	-2.3356903404568197	-13.578887642412568	15.40447280665646	0.17877305506898744	-6.944041423497758	-2.1671584902896557	20.094631242587806	15.73991130812167	3.9585259081614677	
-9.963785563767264	-2.5384146485662664	-13.649303357975374	16.401990539331813	-0.6967491903929958	-7.4272192351791375	-2.2674596330852155	19.099674117504566	16.54002680550856	4.558371880758875	
-8.964238126090851	-2.5684965340543524	-12.880779138691734	15.76216984228109	-0.04845710618663501	-6.665827500554068	-1.9246936603297018	18.16025329171829	16.133954342192744	3.644531000442928	
-8.127682873048938	-3.1163791023187386	-11.923478756941302	15.473074738378454	-0.766464888165046	-5.969792425993567	-1.0419156606579167	18.6300436740118	16.77838710279267	2.87987001865717	
-8.69919870908252	-3.9369701388057545	-12.729223431550976	14.880811689270923	-1.7664424024457914	-5.976498463042516	-1.22458439126466	19.61321819303603	17.68380528837949	3.3043908181578203	
-9.320765848054421	-4.720331033764321	-12.417109161035912	13.930767120768556	-2.74571763837288	-6.179032441179383	-2.2012326698553686	19.39837373784622	17.469576949746973	4.281174427217039	
-8.325504898916762	-4.8175711649942174	-11.720833165474689	14.648541276060614	-1.7461383689838272	-6.150027541461448	-1.6115067464541057	18.590770286102405	16.497180294354656	4.514508403701038	
-7.9416257423811185	-5.740954505312573	-11.973930890924834	13.681100558821587	-2.6782584809789065	-5.787878267246683	-1.7584716180052837	17.601628574045964	16.726031119191063	5.487969907804665	
-8.939974351900773	-5.683508409969438	-10.98841096434949	13.511540910547224	-2.4467135986715807	-6.760702489538298	-0.7606154181547711	17.66707324090197	17.065625056489974	4.547397763974207	
-9.758879675847682	-6.257437038294778	-10.559686698132314	12.60810552073977	-2.073628670681553	-5.832905293753209	-0.14829301763944958	16.876465071308996	16.585909025655994	5.4248215667975	
-10.53009616266817	-5.620864080609438	-9.794552330530578	11.964234881935132	-1.6550516454453474	-4.924723993601962	0.23250828153756992	17.801121964726814	15.616703599609659	5.671075180217367	
-11.269718266842148	-4.947841686466971	-10.223577554162489	11.060942372563119	-2.610019561977375	-5.221433074006451	-0.1972265686665589	18.70407709014559	14.734902585080174	6.142696819643265	
-10.27088203543346	-4.899611168894682	-9.260067849156629	10.793268973885702	-2.716832905607597	-4.227153983598464	-1.1325725563285904	19.057811288894506	15.72391059928928	6.290558741144927	
-9.766209358078875	-5.762921940709651	-9.447842713467047	9.811056878494282	-3.461727835496899	-4.894335775485213	-2.1227647112106154	19.197523480238324	14.814996753427245	6.707542698630445	
-10.559297012022009	-6.3720294625503975	-10.227709244556229	10.437002717754298	-3.640647391450269	-3.910472069224306	-2.8598635332736397	18.521738509620228	13.96607594146545	6.179022637499247	
-10.583487988946578	-7.3717368180477125	-9.279839372521723	10.118345055537793	-2.712126800320845	-4.2817529761514805	-3.7996310194262413	18.863552891954296	13.267376458207938	5.463607351042713	
-9.698640691792829	-6.905855652169861	-9.998805592775875	9.423300039633459	-1.7121667404769134	-4.290690465559603	-4.390032432698933	18.056443127916214	12.6520347411351	4.675346879352134	
-10.179023869206315	-6.028796929587318	-10.109565131590927	8.429452805617347	-0.7496612046892808	-4.561952504146211	-3.399235473643029	17.921086613756117	13.645110036496709	4.792826484996918	
-10.540753084202358	-5.0965137242155025	-10.735723054609375	7.649756547167159	-0.921074600729199	-5.547151696014567	-2.4002401792342973	17.876271418239284	14.616144861361327	4.553888482786846	
-9.604371942643892	-4.745528884466454	-11.594505888233286	8.162096321802007	-0.02861105186516455	-5.096032184189803	-1.9180294641129159	18.75232668260457	14.58446618470459	5.553386587560075	
-9.265835112463071	-5.686482026026182	-12.242991573988766	7.4008694729781865	0.946594818639232	-5.317331777803894	-0.9352684054242922	18.937206918230814	15.060853427306384	6.43262216184393	
-10.232956132147097	-5.940798626517247	-11.451617939567067	8.012202255300704	0.16006359692023275	-5.934882291738761	-0.7320919368407288	19.91634905429376	14.970485360671418	5.43671372602633	
-9.978050475504732	-6.907764554671763	-11.213350356725677	8.983401801720964	-0.823221576431797	-5.752810141572766	-0.5204649354414297	18.938998547935505	15.765609698287275	4.830267283435606	
-9.989144089266194	-7.907703018645277	-11.292236611354225	7.986518178206825	-1.025220312764673	-6.7321959238464935	0.05463328393793876	18.120914176940264	14.76843677422803	4.755126352358473	
-10.948171571812635	-8.191016074681592	-10.62837176488241	7.238665608766195	-0.7845319843254203	-5.7615934673520135	1.0153584142645977	18.39841593181548	15.432583755851189	4.007524328016077	
-11.823302361740172	-8.674902528842901	-10.764766490675061	8.22932017963131	-0.2961469643636631	-4.888965211863484	1.1102829668625382	19.393900401465352	15.320576571864185	3.0138169310750547	
-11.468956042904153	-9.610016792624267	-11.761241155022963	8.14542594077825	-0.8872604265646957	-5.695553629090454	1.9512079251986298	19.93505214954295	14.620508307523483	3.72789285509364	
-10.739815520659498	-10.294380803090036	-11.526281625314684	9.117431094776553	-0.5709313789573001	-4.746904097577473	2.8312635298735724	19.46018150117624	14.039335751555486	2.914112503776637	
-9.852230438335848	-9.833736990978638	-12.018298798812879	8.246845601569339	-0.8813377828310935	-3.7963001503764637	3.2325751456408045	18.544239916221013	13.75165397135663	1.956386450386829	
-10.00889669482527	-8.846085390424276	-12.532850078149586	7.3893859926471706	-0.4825230289987556	-4.71333166135395	4.1836109696485035	18.85332058765486	13.251781398451815	2.822485411740277	
-10.043956949023226	-7.8467001901258255	-11.554151777696639	7.594689759515952	0.4374892597482903	-4.321442150707873	3.35945601837301	18.28695620292707	14.007032179923014	2.16704948269218	
-10.692261089568355	-8.608081659135967	-10.696990381254743	8.109737660637565	1.1246334066904982	-3.5949210420516513	3.5154505516977688	17.299198284420317	14.908141151119903	1.7334567913002665	
-11.497118119497237	-9.201550412630251	-9.84777908402924	7.581684469505669	0.2893795598763157	-4.144785581172069	2.644452884131716	17.790485433747975	14.956089977324261	2.7323065848456345	
-10.497469902185964	-9.228072886617301	-9.428773891978894	8.489668306936078	-0.6066381705954532	-4.588803854084593	1.935309122043943	17.08542151842398	13.959978797951711	2.8204117397971316	
-10.023087485580614	-8.347754010972988	-8.822163522132774	7.694669024423726	-0.8733280627965905	-3.625021460907717	1.0771098921392706	17.598738264489242	14.781576307177017	3.3904797469987056	
-10.307116240634466	-7.388938248533426	-9.487147537875838	8.441526613798185	-1.224583777325447	-2.6887418963487004	1.817429377222027	16.926483059967328	15.77105017946344	3.2457681162895167	
-10.818245055769816	-6.529434127345905	-10.445318525712	8.155330251017189	-0.4437585999694845	-2.0639923125897117	1.5072997495512703	17.877177339975784	14.82780584543095	2.91366854339668	
-9.824080860378375	-6.637311616201032	-11.157100172939167	8.857731053031667	-1.3941069266399522	-2.3751804518152326	1.107254962807025	16.96068174882504	13.829127927047146	2.862264114282142	
-10.535920806975644	-7.339653335329546	-10.169634892581149	9.01556742427563	-2.2391186116244723	-1.8404326119508516	0.6961438848181236	16.04909649139993	12.83145161580709	2.7941320514157058	
-9.828098160190464	-8.046043525449724	-10.114552064941615	10.014049212842268	-1.3640922464080907	-2.324507874876161	0.7826661191333608	15.05284657146563	11.887535204642907	2.4639475443065306	
-9.15887196795675	-8.789102273886456	-10.593109967470715	9.13599321580851	-0.5991737094932992	-2.9686349057358625	1.7669730473584018	15.229311500129043	10.905857498304337	2.6544964379738683	
-8.16022711288828	-8.73705946991439	-10.682322961917357	8.13998064479253	0.15112823222448735	-3.6297302061688024	0.7807747994741425	15.394880264906755	11.876323709378676	2.41325934886231	
-8.500852614126067	-9.677258527511507	-9.936864550887563	7.4734285032274945	-0.6084057185639207	-2.979262545481699	1.6798566328982245	15.83266086841357	11.975101502060998	3.4083688642789847	
-7.539649317300444	-9.953099463870764	-8.959363754681721	7.262496776318184	-1.0253930221505834	-2.070350234723657	2.2610762893309793	16.646407580220252	11.40814435188604	2.5846215790843736	
-7.632981323489079	-10.948734505751474	-9.374727781487291	8.172152054561465	-0.4810517725596696	-1.2314863578080977	1.6667712452725587	17.45064729237498	10.777913829325492	3.361029647327522	
-8.613801336062748	-11.143650136050809	-8.507332637514365	8.669772054372753	-1.397018259911605	-0.8302315833216665	0.6736073633312283	17.33391895987928	11.092537920853385	4.310245998340424	
-7.9340646458439	-10.41019391242848	-8.246604548707484	7.704359777826038	-1.0449084677915255	-1.7661902866270818	1.554564082902357	17.807115809237427	12.087214348685855	4.207198417512739	
-7.450131285284511	-11.28529876473916	-7.329578443761946	8.1031869620154	-2.0369995283841584	-1.6406700592046268	1.2399697650514272	18.756342028415926	12.102451281375885	5.207082328715535	
-6.595589135433405	-11.804680814994894	-6.986590457906547	9.042526752271757	-1.4256438077377336	-2.4320259733373835	2.1363412709037815	19.19964567547512	13.018004991679685	4.804886600805672	
-6.568094413072985	-12.804302763654647	-7.4255307542459414	9.941042982647971	-0.43982563727582136	-2.599842941451839	1.1451025493449656	19.067563137331565	14.00047934611221	4.991284408953718	
-7.5464866961692225	-13.01105996516824	-7.762382156538327	8.999485160327083	0.43671061111700504	-3.0811787963945485	0.17876841303928181	19.324853512220226	13.097629781319005	5.421240992055688	
-8.495800398409928	-12.696729733185942	-7.729890796018895	9.99895717668952	1.4340557221790111	-3.1539986387502887	-0.3884043346234195	20.148452367433578	12.577621477307522	4.5670797872710756	
-9.153478156672554	-11.943430346297404	-8.116910224265583	9.076885616473284	0.860834070077454	-2.334598286320561	-1.1892440925267074	19.549573680084126	12.105013674504608	5.448352653487778	
-9.983155261249252	-12.501673933041781	-9.076951490957603	9.356744091864655	1.6016497643340502	-1.6628899365562329	-0.5426183671951761	20.312381107512223	11.621814157115251	6.323862919786634	
-10.911185478709887	-12.874178853116621	-9.714610490230008	8.58642532625725	1.5989441629366696	-2.662886276410074	-0.19654017903060744	21.250586782019006	11.465856619465841	7.311626680232588	
-11.9074348943441	-12.78765081229464	-10.672234036875913	8.298402509610172	2.1595972490616067	-1.8348354826669704	-0.15377874755814286	20.251501470357173	12.465549343190029	7.28683841419976	
-12.64046557848202	-13.467846384253392	-10.66328793934247	9.298362492478947	2.110233692706665	-2.833616359187938	-1.0432258059592618	19.794463254994827	12.202552598796045	8.251635134985111	
-13.61793051321309	-13.678944232113544	-10.425183074311484	8.327123040413404	1.2880566515739433	-3.402848221467487	-1.7016861998827615	20.547078634610543	13.10889280016731	7.829086392970306	
-12.61799954073086	-13.667194752518872	-9.770902836799237	7.570870853110176	0.4774178457244419	-3.9883947409267817	-1.7876259127675027	21.54337897373991	13.170794374560144	8.827168651648261	
-13.331090503696583	-12.966123230820395	-9.490238472530306	6.611064875513914	1.344488859269632	-4.4865793025801075	-2.223338728754185	22.443464715202886	14.158926522335378	8.980774831644714	
-12.381863953186214	-13.280716548941085	-9.11040061856556	5.686011793417833	2.174069006161105	-5.044966963514267	-2.2441010652584166	23.443249154661157	14.940942068293415	9.604033755271125	
-11.38303139464761	-13.329023070273369	-8.212421034109228	5.245974674643026	2.3205104131873884	-6.034186309416965	-1.7654473669990502	24.321252934347	15.663179110789814	10.295679368606491	
-10.66196101767726	-14.021884897375887	-8.297305558300069	6.242365470241267	3.2456696714238795	-5.654607138624749	-2.7057986547563484	24.661457954317594	14.663214285194368	10.287292022669313	
-11.440038926866908	-13.393717111484996	-7.760467101443393	5.398680415709813	2.351204215541168	-6.101744196172581	-2.287861121293263	23.7529821879249	13.940136310604181	9.596525605808624	
-12.360434408729892	-13.002728419875886	-6.909328132756229	4.873739984820601	2.7582085441947224	-5.188317966826571	-2.2995789213756703	24.752913532148707	14.731821147785734	8.985595889248021	
-12.005577202568281	-12.067807908155679	-5.9513233962221355	4.586987609454254	1.7849552277189749	-4.9585833765512755	-3.2838459390161043	24.57622613026276	13.731965316383441	9.002575771780906	
-12.35678568150568	-11.131510623997235	-5.501258289325767	5.479983353875447	1.2438264397996805	-5.799523109757523	-3.727955094460191	23.680253442034633	13.625922971518504	8.008214156926659	
-12.639466194336709	-10.172296504175396	-5.68049781513754	4.496177889168744	2.0147005474333395	-5.162535582265806	-4.061168302677506	24.623104945649878	13.672978789126084	9.007106418398978	
-11.841242575969058	-9.56993527112661	-6.489128077926832	5.084495063914917	2.7423556615835665	-5.848478754001643	-3.547755548440586	25.481246742666467	14.34419124731773	9.748371442508661	
-12.492947011463649	-10.328408295535967	-7.225413333689728	4.407823783198669	1.8941199415480146	-6.378097638913963	-2.660624674172444	25.94276468589321	15.123568853080268	9.121816937588418	
-12.94178982272626	-11.222019022182574	-6.481852668670832	5.076492264164131	1.6476101243776684	-7.347237933215383	-1.7408821270551385	26.335286847079264	14.143203617563957	9.319007213695144	
-12.061194498683834	-11.695888070839072	-7.474347889113235	5.1987756947628245	0.7251473910361846	-7.733324070749688	-2.560017235880738	26.90888746901867	13.351752155838831	8.70777519250093	
-12.844026100524193	-12.31812169509933	-8.445371160521017	4.959790744641422	0.37070450455225473	-6.7982464054079585	-1.643442237475849	27.308750285868495	13.080823098755134	7.745175875013254	
-13.655657048787901	-12.902292221418962	-8.48951123325917	5.958816096661415	0.8695855901879873	-5.931575959162725	-0.6772585016507532	27.050895697724204	12.088748303224898	7.87082459197304	
-13.992256396528344	-11.96064426220028	-7.67965577538349	5.372186624721101	-0.11711509396003739	-5.769028243393416	0.004229713749871689	26.319066610935444	13.006264876390224	7.473127046133292	
-14.970839148622048	-11.754790437109	-7.881166758461213	4.392700369738904	-1.066013705859599	-5.453447153441744	-0.7604717105813411	25.674681841076772	12.006626884309112	7.446221939033689	
-14.20182538059688	-11.11555822219197	-7.978193729486501	3.3974186172217298	-1.9176960554520508	-5.977505523657011	-1.1699109408455284	26.58701923301063	11.351738357526699	8.201947429862706	
-14.915779910420762	-11.815750288230968	-8.664834755817045	4.124415247860233	-0.9176969103364129	-5.97881310462711	-2.0662730033765966	26.143696491821945	12.133909168006385	7.578883369565893	
-13.999274723070485	-12.215773089531137	-7.697048526241272	4.376188586090293	-0.1368930771047443	-6.603589363787726	-2.1092095483282267	25.14461869049333	11.561462262247543	6.758941578895891	
-14.414537954993838	-11.306071793383564	-7.162162989872408	3.5312640551507575	-0.48049475161902844	-7.542704846181121	-2.7158872167660006	24.349670763507604	10.699341447201709	6.252238805798382	
-14.632738380899761	-10.33016781545619	-7.802060557178795	4.299724271008006	-1.4379099936048525	-7.831419332158576	-3.6990589811285015	24.16698720715858	10.297258054149072	5.336635755873755	
-14.601075808967593	-9.33066920038029	-8.561442229960235	4.950369700595934	-2.2244044218462053	-7.213821959799117	-4.6156375837439345	23.767132652066934	11.158325615920086	5.845126320255947	
-14.578344661859905	-10.330410814474236	-7.645569950621392	5.351839460277373	-3.1557858456104126	-6.849777122633475	-5.60851970347703	23.88623385405212	11.951065010759905	5.235565616249367	
-14.69294968215811	-9.33699967636351	-7.95839439333965	6.301650424647658	-3.6597012862205913	-7.713530113201178	-4.645239294465773	23.617736454409023	12.946160403531492	5.13664565221398	
-14.608744187824952	-10.333448086831462	-7.627970481310823	7.245483057247085	-2.6597055528871802	-7.716451297032058	-4.220300883147304	24.52295871804715	12.557098319703579	4.21543411574286	
-14.991724198121398	-9.40969145669919	-6.745770328180922	6.774608456299466	-3.2623947413689858	-8.514427325548668	-3.824302575415793	25.441209958326073	13.557080138138407	4.209403958217853	
-14.22396625065519	-10.050431446166426	-7.103208547884555	5.840671670914557	-2.650110333003002	-9.305064918426668	-3.9789757210632417	26.42917565510685	13.14226991078847	5.119311907015913	
-13.494147569034755	-10.734072208524706	-6.674137815386524	6.7439425641207995	-1.8336957254294584	-8.727598738862412	-4.036529090443386	25.430833224037734	12.19476831045313	5.439062931036119	
-13.944457682389476	-9.841199988209583	-5.875630479070012	7.345927641883288	-1.0681051268595914	-8.084270645754835	-3.0968243178763606	25.088846469301888	11.20163988857959	5.322033286642176	
-13.029947483524804	-10.245762833973375	-6.773136309076933	7.786930232696073	-0.7655204254915116	-7.131148146546055	-3.490336691038234	24.169527149278366	12.185197525080897	5.14143878041354	
-13.597386507121605	-11.069178254341193	-7.535625355005805	8.433931356990675	0.04758792448948268	-7.713260516446562	-3.2866896539544617	23.19048277628652	13.119327579832179	5.498371604359959	
-14.594195287192488	-11.149004665845156	-8.253189678371855	7.737439115948306	0.3184414849214389	-6.750639953191583	-2.297334314843751	23.044962973602725	14.055584300409713	5.147055004733066	
-13.764712104194565	-11.70753635619373	-7.429571555706101	8.304583884077696	0.7689171792762228	-7.643428645321795	-3.244382801867038	22.72387238945722	13.06132703849204	5.04003866427997	
-14.142709246956395	-12.633343117923138	-7.3769970544373935	9.30320088864769	0.3044897316929581	-6.757817474473497	-2.2458157206757994	22.670358051554096	12.080807391205989	5.236459694941241	
-15.130105494007918	-12.47507546074528	-6.462123381347655	9.706941104983999	-0.12299377143889217	-7.661840623817651	-3.0399327963268385	22.062593236712498	11.11325258394691	5.489120920596951	
-15.899535765831287	-13.113806277914623	-6.6561845242573865	10.6879305406114	-0.8347257934281684	-8.36429171028208	-2.511475743232041	21.213633200530367	11.831243186434834	6.185173716539204	
-14.913580213318497	-12.94679834855437	-7.368489968477546	9.986060927268351	-1.6428161197387414	-8.953350302039532	-1.5760746720823977	20.8600446881433	12.799111447840412	5.933715909812619	
-14.78308331915172	-11.955349630459065	-8.211742835523555	9.448543855708122	-0.7323368999658968	-9.366905123510437	-0.6158169079413822	20.580929969063675	11.846275506470858	5.630230047152764	
-15.7597328186285	-12.170188535622342	-7.216851736355187	9.54949780954627	-1.7057863858898707	-9.595807063987905	-1.4906469522665846	20.096500001425458	10.92719541513177	6.024300834834539	
-14.890395985259943	-12.664408598093233	-7.127597599456909	10.545506694570166	-2.6810052294342634	-9.817049481249914	-0.94231623415309	20.93276157747277	10.871594387833735	5.02584776845465	
-14.096348026573732	-12.056553484347972	-6.895357764536633	9.572848142417252	-1.7540235420380859	-10.192156067745186	-1.8988545462908546	20.641154894743043	10.345840132307742	5.876484272959547	
-13.390140188332158	-12.764558067105854	-6.355773013878842	10.414779432284524	-2.7380245015982783	-10.013992907735547	-1.5628304666658397	19.699301499616094	9.972361134116962	6.804122908372287	
-13.611300785604245	-13.73979546908255	-6.739905360052498	11.338057473084326	-1.7899603020086992	-9.695913871242146	-0.5735412984237375	19.845270474397893	10.117025926401606	7.7936036296969835	
-13.933428616183447	-12.793099287213025	-7.276862908778721	12.18166673741582	-0.9928322125263708	-10.299724113750711	0.4012822530026786	19.622292799317204	9.314334345715222	7.197209275016126	
-13.139826687059674	-12.184661962510614	-7.631592681383419	11.246697867117017	-1.3055591755363916	-11.249567177949492	0.6704146883071932	18.659189620905327	10.313762164162402	7.163385678017676	
-12.165363464846427	-12.40920912582776	-6.66114852380386	11.005372076908637	-1.6950726114993815	-10.328546394685452	1.2851635228513447	17.87046668449064	11.299554752947206	7.331352853075644	
-11.851358854240308	-13.358630583620926	-7.636175200958252	11.227459849731147	-1.6545007310447855	-9.329369772402694	0.6694371482298763	18.658426728906285	11.16323971966149	6.34068731329932	
-12.452371634855972	-14.157869995522407	-8.534085189174162	10.787280734981133	-2.1452873487451547	-8.458089968960522	1.1625248524856473	19.528406335513115	11.059915053379246	7.3353349963196255	
-12.741869204537931	-15.115048744319225	-9.47624936651199	11.122432436366243	-2.9774704649955748	-9.012590880616887	0.660219137156312	20.393096435113826	10.065521222401506	7.441074813386869	
-13.726598024663724	-14.940953509422739	-9.591268900035901	10.129069206269648	-2.3590618645749624	-8.226734148810243	-0.33102631984513986	20.261064454238046	10.590721346786069	8.292053561268649	
-14.487008098621114	-14.291510271391795	-10.485913946789495	10.57584682468765	-2.9603631344639196	-7.427711756864981	-0.49323294782574023	19.274307640307093	10.901563919549401	9.2425149728777	
-15.311853466994874	-13.726151873318187	-10.739098254363794	9.608428762835318	-2.98147367484684	-8.42748890457578	-1.0534011776270802	20.102686511549734	11.832417136112173	8.877121637942945	
-14.333703748689453	-13.93405360149529	-10.339650026838587	10.525184517399733	-2.418202328251162	-7.601216921446561	-1.6973146704911335	19.337588208252953	12.222043319088048	9.79809473067674	
-14.583399485155585	-14.90237794756464	-9.403390962427146	10.876494870659375	-3.240978752234768	-8.169582082357001	-2.6907683182486366	19.223352269261273	11.629246155643962	8.99274292990105	
-15.45156451551499	-15.398653556537168	-10.16630798816101	10.22999845779586	-2.2438791511258644	-8.245689805148222	-2.0503239695395266	18.455347688411287	11.968526420705519	8.052057593702084	
-15.996498842033525	-14.560174827062298	-9.943981328571171	11.204970691470042	-1.3819247753137098	-7.7387039532565955	-1.3599087585545355	17.73193436503346	11.984900134031601	7.052191651931931	
-15.236043289767096	-15.209564812377103	-10.889739594778415	10.880099483295682	-2.028190399554644	-8.501816489468965	-0.36739676615162054	17.854081591511985	12.965351225930696	6.855428707265326	
-14.237243069948702	-15.25853542489856	-11.06794298321103	9.89610580834084	-1.1096208811986323	-8.897075948492029	0.07163329187324075	16.95560921678325	12.40053945335414	7.680648472878662	
-13.545193882419436	-14.53668507888487	-11.883206805057423	10.475195525732207	-0.6314766454358547	-9.775357275748181	0.2883964577549549	17.931833437911234	11.809463986243756	6.874032212082835	
-14.391445330684608	-14.003901364504355	-12.043144842171557	9.48806846993641	-1.6314763114867246	-9.774540025389722	-0.04303861812942894	16.988355409299274	11.873354309458499	7.8719891383073675	
-13.67720303389124	-14.703799886771217	-12.303651957915642	8.522596542510916	-1.1479917781984383	-10.64989292912113	-0.7335103905660401	16.264996071578217	10.873939419605716	7.9061926167934535	
-14.643399271050983	-14.96160762773016	-13.277619081139738	8.749285851651377	-1.0874462044381332	-11.64805836305382	-1.1074064038602354	15.337525440645514	10.610568520446986	6.941497965892806	
-13.71349368007578	-14.593809324480867	-14.277160156244545	8.77957841143638	-1.8758388236417722	-11.032885966090802	-2.1048511286253673	15.266083009008494	9.77863570212	6.386621596067492	
-12.714492661320188	-14.549121915456766	-13.569483644594689	8.07304182012699	-1.3298436576973933	-10.19509764033938	-1.2413359333838925	14.761760188201148	10.328013909177164	5.551047789865636	
-12.755146250322898	-13.549948614321673	-12.583808766980015	8.241698381337336	-0.39930778238751985	-10.561298384141585	-1.8898547046084069	14.000561525978569	9.403609232491219	5.169634636289161	
-13.336511651660214	-12.736306020716901	-13.58235995735898	8.295508419366971	-1.287648330876178	-10.102113160173229	-1.6601506123469103	14.973822040947876	9.799485929816608	4.251330960746728	
-12.34538008087671	-12.869190216151217	-12.719174198949524	8.800394888267745	-0.38079729256877803	-9.680661864860483	-0.6613682934476606	14.924487677120647	10.547429463369683	3.587568600698992	
-13.338322674663718	-12.987786191814507	-11.814332638719799	8.374646428633378	-0.5956945470534285	-8.704025202628841	0.1144479026308689	15.555446653522631	9.594989503012357	3.282842294131058	
-12.580872713021169	-12.334892972667838	-10.83344316685667	8.180080645444061	0.02717660412089329	-9.486349642381796	-0.4791012307254211	16.36024440842258	10.593064114540134	3.3448670458329337	
-11.739805059963565	-11.79396302990244	-11.499339135855148	8.926125254345953	0.26315419860420597	-10.45810813856378	0.048955744598790596	15.511035464280184	10.953423538305252	4.277680577951584	
-12.731395957071799	-11.664550925475963	-10.746127543315756	9.583903558080786	0.9812439856952482	-11.154058609269521	0.5953029194526833	16.348594276859437	11.079855408611019	5.269655871076864	
-13.64503525881434	-11.258025125173694	-10.427916585555803	8.635883628774712	1.4275175669029592	-12.048955190286593	-0.40346864664324	16.398145853608284	11.355947007791595	6.230787198660099	
-12.651255912458714	-11.14665811588915	-9.640958054281432	8.018877737348637	0.9325049761248971	-12.917840991166772	0.413622394299458	15.821637197288902	10.930152259978643	7.135606977806701	
-12.102266029610824	-10.310829121099749	-8.752230945642621	7.56044112627738	-0.027271856946793682	-13.198605003637878	1.360619953726498	16.142877951925094	9.931799455529664	7.19298012351843	
-12.08483677826661	-9.310981022037906	-8.36391040826882	8.481965493971323	0.46033142012018274	-14.071670318602083	1.7889992530077963	17.04647696473291	10.905388072827185	6.964670675030855	
-11.401563919783587	-10.041144155084515	-9.168212272289777	7.887744565753193	0.646571276512898	-15.05417462693402	2.1462109146236443	16.112453502069556	11.716533753336144	6.379826520583144	
-11.700537491749097	-10.995405546562859	-9.56547390496517	6.970039169014087	0.8027035993512998	-14.066438479086285	1.669968384670247	15.23313953501138	11.073607582721877	5.613898365245273	
-12.528338664361588	-11.556427131371665	-8.693976760381092	7.460439747094701	1.7989831058478936	-13.980257594112274	2.4639148955548453	14.62515192177064	12.038878843706703	5.352648690189468	
-11.745524285325207	-10.934171839731743	-9.36450412234376	6.718554946832971	1.7515755777473885	-14.97913322514919	2.2614845196123743	15.604448579017967	11.516459313675865	4.499960098356342	
-12.190613379436241	-11.829658131253517	-9.254014768739783	5.724677639143448	2.3292001874398887	-15.795435748897333	3.2093431615623125	15.28575751406506	10.908325771237143	5.293794838438264	
-13.111821043517628	-12.21872938390233	-8.254508201690268	5.756088185539393	2.2507572113052197	-16.792354351138826	2.3896911192674812	15.85861921601581	10.731014209540124	6.277949607815806	
-14.077606296605802	-11.95938628120359	-8.557582313848714	4.803121196321314	1.5435103275499649	-17.499321001991948	3.1142599821539028	15.169416805300731	11.5641796248626	5.724925746928659	
-13.350829793786488	-12.646260297999778	-8.433879460037272	3.810801890876285	0.5468345031630563	-17.58079063487854	2.355146986030081	14.518457928630388	10.564194671964811	5.730411544774548	
-12.892725194200867	-13.535158591303627	-9.053686769587507	3.0260478535957502	-0.398605958782987	-17.25499571024764	1.5538067763713095	13.92024904505874	9.901047064886724	6.478900189462365	
-13.37411759240127	-14.411663787497504	-9.846526858037802	3.6354775822323915	0.5994651517820002	-17.317076772219657	1.8415353985473855	12.96253706331232	10.398940507025966	7.346138403723439	
-12.89296087329308	-13.535029193349496	-9.242484206677508	2.8385255916221492	-0.01221499986104857	-16.525971600901748	1.1988914016502554	13.728701988933482	10.136482529298668	8.31108182689772	
-12.147757393161575	-14.201866334786514	-10.090602009371743	3.3683332857462576	0.605018811621846	-17.312751380739982	1.3339258523813864	12.737861084895027	10.953865386742882	8.88717666662147	
-12.501090824434922	-15.13736378873527	-9.640293847654926	2.4754600811470713	0.08891382903976552	-18.16927671425555	0.36346913649353085	12.979136368726914	10.218958700424151	9.565344907107578	
-13.267878397193087	-15.779264729896475	-10.635411315595723	2.376762436802859	0.3773719598402352	-19.12676922429158	0.7554636726440584	12.059168823849307	11.164142411255316	9.891883959564447	
-14.267859508839642	-15.785410976728587	-11.61746786228385	2.188175748229689	1.1478802212729002	-19.764199235401826	1.752436434655031	12.136920427101025	10.204947297140448	10.174628956086337	
-13.635943297079532	-16.560447686384816	-11.959232757158116	3.127961232599171	1.4429672895252272	-20.71966960236788	2.174996086048696	11.230585311917869	10.28344796089235	9.177714894699644	
-12.666141951593081	-16.316551498852764	-12.119147419651515	4.115092075354893	2.4411279046015046	-20.65904463630152	2.9501290702223546	11.862383425911602	9.348056509052132	9.53132885345163	
-12.036847700517217	-15.539384370390122	-12.06608435137411	3.1165009123732714	1.4440093749010714	-20.583185307751588	2.613857837857649	12.804148608047745	10.20306190576429	10.049947954134476	
-12.606466465374288	-14.717475334837705	-11.522405286373754	2.277207713139334	1.2140717720871375	-19.609979934352847	1.6804106989872278	13.162863590916631	10.996990269394274	9.441936643858247	
-11.921368776232088	-13.989024131027856	-12.298861877857945	1.6470369731483756	0.9558762122274527	-20.576072607375856	0.8312522006372329	13.69100168335078	11.377805479904744	8.517285479665032	
-10.940651878788131	-13.793590338996129	-12.300971053522797	0.647039197461842	1.6060405887172107	-19.816279027813824	1.806857274603087	13.910534686910793	12.048772884761688	9.258772324875071	
-11.920422037572624	-13.993716389163037	-13.14987315024132	1.1755893182516275	0.8852586085791116	-19.12311718732619	2.103893691733969	14.86540083821057	11.118556479088662	8.891760828302065	
-11.081890022011342	-14.538568716751653	-12.18147332037264	0.9261864924650781	1.6208204446366858	-19.80057477665235	2.6141064401985687	15.725449064360825	11.34436152092151	9.865933340274593	
-12.06189878154255	-14.339614372134342	-11.49120697203656	0.2026311259900777	0.8211275905139278	-19.200165467043483	3.1735919536323687	16.55428919385367	10.344621087894994	9.843150307729356	
-11.311351616200454	-15.000431254936943	-11.59578472732291	-0.7918855873432218	0.5482288529092576	-18.23812270343379	4.006054664455359	16.000208121185384	11.343779103789124	9.884177850606148	
-10.745661762143417	-14.175813168173788	-11.201244828444368	-1.7107643977382105	-0.3129886484033012	-17.729886129156657	3.233486306821086	16.635139718117117	12.179080122205617	9.33438497266722	
-10.774872958435978	-15.175386430126686	-10.805920685236536	-0.792222715615405	0.47720349475523904	-18.34274531109857	3.9273740955503347	15.91505657246487	11.19368005962107	9.504639830625429	
-11.771140382214522	-15.261706881455812	-10.67066154890419	0.1985875417187769	1.3910728427611208	-18.748753703592254	4.735754679146553	16.503716773314764	11.354131240640314	10.491683608028199	
-10.910700557034765	-14.752154816162548	-9.759263861171696	-0.21293919471017347	1.3594750257721884	-17.74925303927955	5.478012273637312	15.833602108932023	12.317813526530395	10.224632204995626	
-11.896421953959194	-14.58377035237402	-10.051770773506517	-1.1692026031057627	0.47047151210189897	-18.207153413467953	4.826908164700491	16.59259054054715	11.646020177454712	9.483893589735372	
-12.59251204040317	-15.301724801872327	-10.131914165538776	-2.1659859480275987	1.243052864897086	-18.842069197893856	5.119682642579509	17.54877206363922	12.609847360404949	9.750421564638968	
-13.566137826805997	-15.073573913091511	-9.74687017473476	-3.0888841683887156	1.1218010906287375	-17.84944741330681	6.088342549375855	17.797162854461455	12.60789582604736	10.75041966039398	
-12.862766382525805	-14.362751423737667	-9.138144967097821	-3.8822653010023966	0.26185910467861295	-17.339055621836614	5.884454631359553	16.818168617048904	13.49741463499128	11.207318214271083	
-13.30783842033358	-13.467256654818476	-9.96356873074312	-3.31775169584338	0.7643279064899413	-18.203650962563298	6.103801533846819	17.793815549278612	13.773418393370388	10.246161658157249	
-14.111084327784008	-12.871609097815059	-10.952952580258202	-3.1724258608424507	-0.1429796670888146	-18.624118520083055	5.898705907608973	18.77255748875914	12.775786549513517	10.177381543860022	
-13.666083882602754	-11.976078750038678	-9.960345457785026	-3.2937976055589306	-0.24480839124476939	-19.618920465666584	5.719932995446159	19.7564478514911	11.906790970671882	10.672201393859686	
-13.857994155893579	-12.957491225507296	-9.123568705880567	-3.8413418206431778	-0.2322265390417545	-18.61899962030174	4.9131679120990555	19.165575530010443	10.989257549954909	10.274542718778392	
-13.255992392523275	-13.755985982471325	-8.500051292181235	-3.0595323586809324	0.439911582910658	-19.35942540660195	4.290864065967968	19.948351310863718	10.873315917214484	11.267798747100136	
-12.769727790247302	-14.62979759636381	-9.483123275528635	-3.242752105317066	1.439570752449889	-19.333318994436834	3.305890013083116	19.77564892192949	11.40416283999976	10.420331022305025	
-11.8412697763275	-15.001234961727201	-10.483086576738291	-3.2513192655168424	0.8655944794510396	-18.51444706425828	2.374272441235613	19.41220883082098	12.359508137346648	10.124839291731757	
-11.821422849670988	-14.001431931374576	-11.349258682031325	-2.751573446112384	-0.10018248906121352	-18.25507311203624	3.1059476027976523	20.093862304334586	11.359511915889536	10.127588304554232	
-12.582066766969504	-13.35226259208261	-12.176905460377231	-2.190324116229808	0.8635897282149183	-18.521799775882673	3.1741519582088205	19.096190932638	11.366119012115881	11.12756647745575	
-13.48105040531942	-12.914280380138853	-11.743069673596167	-1.2893321572712075	1.823760867626507	-18.801212343676344	3.812358971151159	18.3263261337082	10.366299884961512	11.146585230734443	
-13.702227859681036	-13.889513959176263	-12.713385483463439	-1.5311734877373233	1.1423891062491842	-19.53314985658135	4.628351727206595	18.90438826018342	11.204789224907845	11.691503230800839	
-12.83464295848028	-13.39222486899986	-13.233494534108964	-0.6770736250534498	0.25180604817524976	-19.987970498891787	5.291866869695756	18.156225406462664	11.84578233942823	12.459049859441377	
-12.846974700150469	-14.392148830182599	-12.500004651294493	-1.3567739941932744	-0.5451124304420164	-20.592057362213893	4.696444373497228	18.95963815905047	11.088034039007551	11.806502916141836	
-12.532282248383535	-15.341342520006185	-13.474802229697948	-1.1336827995244614	-0.14399809740559144	-19.67602936491646	5.1368683092527965	19.857428088161715	12.073008955612767	11.633805453338965	
-11.828913239995117	-16.05216741970983	-12.578623933701406	-1.5773769078747242	0.3458061716484145	-18.804196939494883	5.499130336972237	18.92535179124574	12.836906145471534	10.988467492789706	
-12.727523085576072	-16.490916032727547	-12.618202247196635	-0.5781604362826706	1.1507421536950264	-19.397558603917734	5.735035316183277	17.953575664360827	13.215110207018194	11.914189744779799	
-11.743247469471555	-16.314276536741875	-13.32494899602374	0.12930619404155586	1.2094678277893922	-18.399284445581376	4.739962240305764	17.854431457955886	12.981987712037474	12.886637122448105	
-11.43655071606453	-17.266083818416895	-12.69926278593932	0.9093810407775561	1.3650886982506647	-19.38710130344364	5.369623184216007	18.631301521553436	13.882439443345524	12.451681171133107	
-10.878382536048917	-18.09581165501035	-11.709817199771011	1.0542859475683577	1.8278466515254084	-18.50061662975719	4.509459066375971	19.141318864768813	14.840316368099016	12.738860204185297	
-10.182186602668509	-18.813663465863108	-12.652946447642009	0.7218596823450952	2.7862359511009025	-18.786081076683935	4.676106406689721	18.155302301030478	14.757183088310132	11.742321766496342	
-9.435339090833327	-18.14866813199557	-12.544643934195511	-0.27225830138780727	3.5902617838742885	-18.191486710554333	5.368827018164903	18.876508342628473	14.635476527902343	10.749755641165791	
-8.441411845910885	-18.258707360459262	-11.834567225275023	0.43186602531071694	3.1599265529530567	-17.28881756350877	5.043841145464559	19.82222721340625	15.431359163474479	11.355206572616682	
-9.33790732796672	-17.81565448477344	-12.030360175958942	1.4125112825074695	2.228651506686452	-17.65313444233973	4.7360309890716685	18.870779417874942	16.295768116655747	10.85241719160306	
-8.784498843452994	-16.98274449607825	-12.479476113547676	0.5190377940346489	1.3931258733275105	-17.103682974055097	3.833814364034078	19.30206257486786	15.481200776758978	10.272348188144418	
-7.907845937410845	-16.50162114149249	-12.224118842535832	1.4858845575610022	2.3928023660639792	-17.1291173969916	4.383013270197826	20.137754241374438	15.493455712904849	11.272273093594853	
-8.608394700796127	-15.788016608071244	-11.915884991346738	2.437195176118968	2.2029893603740365	-16.14729713703006	5.378818205951676	20.046252711724538	16.472242992318513	11.067393954446926	
-9.190053442294197	-16.60144952382944	-11.17998553740529	1.760104344923715	1.271003558312538	-16.509791915965955	4.399643915845293	19.84323126065431	17.333059282287962	11.57630977746998	
-8.893804367331944	-15.646338804810956	-12.110719650534175	2.1258009550504555	0.6241506021247485	-15.747177168487834	5.153355072629907	19.18602543890712	16.337690584159816	11.480178852234232	
-9.699202981447145	-15.053605245459613	-13.104535691998265	2.0147618820687057	1.6239801150367925	-15.728712469463344	5.878492969274288	19.874629120897104	16.2139989980405	10.487858142219931	
-8.861687754325287	-14.50719125923761	-13.02169577943596	1.0181990145652704	1.722533588297414	-14.73358071290632	5.302086531672755	19.0574659678539	15.326385488672893	10.027269108494503	
-9.848542142551441	-14.668803190847818	-12.635296924605727	1.940530801389233	1.558283549005066	-13.7471619759632	4.558081281295783	18.389292197483126	14.54792668524261	9.399573408842281	
-10.057602947747297	-13.690900547569429	-12.496625741939011	2.930869280444659	1.0074194619720538	-12.912567009756666	3.9554676303119143	19.187325271765072	15.104697210128334	8.56890706028922	
-9.130153383672662	-14.064848814175612	-11.496659960199032	2.9225967143885914	0.14579814989475293	-13.420118696360296	4.945660276491832	19.327033981054118	14.317789312150637	7.951836594215595	
-8.362330688113248	-14.705511212154356	-11.910437959443863	2.012218898676376	0.9720808718120613	-12.856863102991776	4.511865312898802	20.228045595608183	15.09977000182765	7.328533938219118	
-9.138159753869362	-15.336454363894667	-12.910031651956173	2.0407224052958584	1.0304905614721358	-11.85857040635726	5.118251590646872	19.432875373480343	15.591854262385791	6.457986363120003	
-9.508461046943873	-16.265366067097585	-13.904154114621905	1.9324610122537382	1.0184547776692066	-10.85864283902638	4.119920183889831	19.375131089932022	16.55094039297157	6.741100817215873	
-9.32006512871026	-15.283272905532495	-12.904707583540024	1.8991949408236184	0.6243458631515438	-9.939579096134894	4.5292837457186	18.462759743249727	17.153820358031062	7.5389327216480435	
-9.20026034754625	-14.290475436553931	-13.345030294663982	2.7970345200739697	1.212421766932665	-10.748384840051205	4.162183390887164	17.532578400992943	16.866801748785804	6.581007715216477	
-8.411840085683732	-14.90561240559793	-14.327731584162072	2.9822321864166947	2.212352381170366	-10.760164768328313	4.2567018354224215	16.53705529044119	16.050787065062075	6.0029765430922915	
-7.419592972888638	-15.029893004042737	-14.87920083192381	2.1480369641976376	1.212361597964903	-10.764458194014727	5.218534704019224	16.810692884508317	15.430103294454115	5.218915539787136	
-7.1465372064932255	-15.991891210090031	-14.006694463931543	1.659434223913733	2.2100539777346624	-10.83235455142331	6.087419111191446	17.30570792162636	15.671487603841246	4.248485936373422	
-8.079111419147072	-15.630912903410724	-14.00419844714805	0.6594373389684764	1.2335254138609715	-10.61696661318445	5.307919607513822	16.679305076991746	15.20249209256175	5.131686485739014	
-7.419217694488674	-14.879553953136977	-14.94499662134332	0.32047009065258447	0.6297621062689107	-11.41413025285042	5.922022908635145	17.468530732651708	14.656891281162006	4.293641287315957	
-6.5494696796608505	-15.373050042992874	-15.40719002836467	-0.5663090557564836	1.1478230757183416	-12.269473945136227	6.918209303737479	17.55578132699362	13.712936141204583	3.9635675171554596	
-6.9514806953731245	-14.457415212262857	-16.13966521756665	-1.247102781640851	0.1554077175349058	-12.14654405925959	6.153873791010996	16.9109625741761	14.40571306490774	4.6847194664590655	
-7.776311081866169	-15.022795467947239	-16.067434842146884	-0.24971480654454015	-0.016470308655320925	-13.131662297905567	6.378670722947071	17.885368208084344	13.91562206834382	5.556390743424748	
-7.3954230667401175	-15.947416644393753	-15.435027570748346	-1.0243508779240336	-0.14842265345036837	-12.140406236787609	7.076649973690529	18.601486191053354	14.343115623840804	4.652372347589493	
-8.389507083044414	-15.838802793857463	-16.072973107962152	-1.7944323616314335	-1.1483945547402943	-12.13290979559123	6.865036681940727	17.624132716227173	14.523207640613714	3.6687225798903054	
-8.411195068516724	-14.839038005876734	-15.46916507674956	-0.9973025971368605	-0.14952937809131428	-12.18053708690621	5.907124138759608	17.337072514150535	14.46578608243531	4.667072601003324	
-9.196039172205769	-14.219344748769203	-16.39294150322692	-1.38023485470303	0.5888114062047445	-12.854964908281545	6.831482921155213	16.95554814873187	13.522692100941521	4.33454629817873	
-9.501083007393827	-13.267006437761102	-16.773954052437	-0.45566498857909277	-0.1111399738942056	-12.140774411636865	7.472872237128883	17.722763728184496	13.514474808446568	3.334580060696658	
-9.066418652127023	-12.366413911553776	-16.50316545718545	-1.4183038287895284	-1.1000419767566396	-12.289343684148601	7.44804581644869	18.722455505101866	14.1007129652422	2.524441292634754	
-8.071914288655671	-12.261718777777451	-16.10598785819216	-2.3360455979478942	-1.6111378039262525	-13.148867421720642	8.024948780328629	19.539268194931388	14.861805678562725	3.173084400769268	
-8.948719934197463	-12.742563721544194	-16.09583962335583	-1.3360970926088909	-0.6147520568469623	-13.233811185572057	8.12446892970045	20.534303741969286	13.862665684001174	3.214548496895225	
-8.11219927094599	-12.194628342185172	-15.97599022341547	-0.34330500897106486	-0.31692834500377975	-14.188432071926398	8.759110060876495	19.761496757904318	13.577871020298671	2.255959951414643	
-8.80891195953064	-11.47727805845682	-15.982718922274444	-1.343282371020659	-0.9281574919701151	-13.396978390464996	8.175343008412915	20.57341795386978	13.706307656355591	3.2476776685692688	
-7.813336318839233	-11.383314535417853	-15.334591895081589	-2.104814613688133	-1.8856529169199758	-13.685426845479208	7.668337902134595	19.711474903426357	12.861508440693521	3.7827611061906863	
-7.378492232744109	-10.482808777086404	-16.243052528266873	-2.5227850408149726	-1.10944837754904	-14.315908021296499	7.109179958136696	20.54053605537116	13.113079169923822	4.7506000226403895	
-6.43687582849657	-10.146121166307609	-15.519721266518834	-3.2132862253020025	-1.5591590963707915	-13.422733755334463	6.249637206393985	21.051599904539312	12.12023920271631	4.870052103055032	
-5.5260877809814914	-10.558995399584125	-15.392847349978737	-4.205205077477812	-0.5757924441845338	-13.241102184928899	6.093751323375626	20.063824833242418	12.317428692679261	3.8896867094144003	
-6.48619911008705	-10.279377382061725	-15.987485232845335	-5.00919872686811	0.25024464602975105	-13.804717945523223	5.487266670951621	19.268729639964196	11.586236334495466	4.571858048106975	
-7.166090203165862	-11.012690481325674	-15.275830002287334	-5.711727610843309	1.209249609523161	-13.521328672622847	4.935569239848122	20.102773970029332	10.838131453614613	5.235438553548663	
-6.3308117073196915	-10.462863386343116	-16.262286501043793	-5.547704514722228	0.663323661511779	-12.683495240914686	5.864461902921382	19.73242491779797	10.741191184747937	6.230728754581536	
-7.068469667778661	-11.13803798107511	-16.974975653568013	-4.846224527926948	1.0904764853615754	-11.77931579795154	6.6837770976212045	20.305768280656558	9.744306730980473	6.309604516617445	
-8.058448107299736	-10.996819394184364	-16.57905313974851	-3.9279406050300887	2.0699089403436677	-11.98108811054113	6.673370323766983	21.305714128719316	10.221767176881142	5.430951272953978	
-8.78942983223394	-10.314422355934479	-17.327850281927155	-3.2651413595076644	1.514775616790812	-12.812849490433921	6.847685049931167	22.290404118636094	10.694423999630132	4.549704696842143	
-7.798115471476917	-10.445935998408913	-17.50771286980409	-2.2814496143546354	2.063918333758469	-11.97712090027957	5.875764380332722	22.055095359752556	11.38510190866482	3.826542179857565	
-6.885821434218885	-10.036400176308527	-17.50130212240863	-1.2814701634068513	1.1950099864385246	-12.472093913642645	4.9128192971725335	22.32479290667803	12.315475723119496	3.4599298977705386	
-7.396254002095759	-9.176482393232366	-18.23233838165871	-1.9638087799761108	0.3253649215290023	-12.965771400549343	3.966917711186674	22.000339227966514	12.053238013628741	4.424933205392353	
-8.394448282273375	-9.116414273395877	-17.2323961661233	-1.974558923702617	-0.6454984107333885	-12.726137533851903	3.6092484818625667	21.06649088781984	13.048219027234188	4.524997097804546	
-8.727791053500768	-10.059219978125352	-17.105559296085065	-0.9826353337024077	-1.396683716041767	-13.386228919259073	2.9515116961524805	21.819738735957333	13.377410061599585	5.469260441842342	
-9.664498205602275	-10.409333832752505	-16.279848535489652	-0.4185416005011391	-0.40652122791887324	-13.526151208813955	1.9693359638431795	21.631773763521807	12.380907368390478	5.385699790654142	
-9.13566310865116	-11.258058428974804	-16.553936580421638	0.5431630025997096	-1.356347698132482	-13.21337384952854	2.9613843878844905	21.50591700225269	11.391419121039519	5.241086484370359	
-9.868742494046362	-11.93820151297154	-16.053377361006113	-0.3225392948779623	-2.3351688057023154	-13.00865638721581	2.097104807620923	21.0029052656705	11.609508231146503	4.265157624231085	
-9.049609670234434	-12.511805398029772	-15.066826921236595	-0.4859964139966235	-1.5431577207485119	-12.398149678562826	1.2136266865132455	20.534432844364776	11.425315968464565	5.248047857353842	
-9.765212300586873	-11.813297792178073	-15.879570684786044	-1.0686177102186876	-2.480987271794286	-12.745245822570912	2.033510663624127	19.96190313851813	11.819489267230525	6.167083988602206	
